# Blender v2.81 (sub 16) OBJ File: 'catGun.blend'
# www.blender.org
mtllib catGun.mtl
o cat_Mesh
v 0.758199 0.877934 -0.930305
v 0.758482 0.614484 -1.102362
v 0.980958 0.658647 -0.883783
v 0.792276 0.075800 -1.309007
v 1.360529 0.193547 -0.874077
v 0.820604 -0.484487 -1.216591
v 1.215042 -0.333596 -0.678802
v 1.264416 -0.315192 -0.592648
v 1.391130 0.202974 -0.761124
v 1.400200 -0.223803 -0.180733
v 1.387383 0.244354 -0.320276
v 1.264411 -0.640590 -0.099695
v 1.264417 -0.539204 0.395874
v 1.410467 -0.128259 0.312312
v 1.296166 -0.056081 0.736849
v 1.445234 0.496580 0.681500
v 1.394325 0.331719 0.250201
v 1.264438 0.774726 0.126592
v 1.264403 0.673341 -0.369387
v 1.214859 0.861087 0.108828
v 1.214832 0.759736 -0.387277
v 0.758658 1.308224 0.016596
v 0.758393 1.207757 -0.480947
v 0.670389 1.356866 0.006500
v 0.670029 1.256762 -0.491446
v 0.252866 1.499701 -0.023271
v 0.252339 1.401378 -0.522986
v 0.252943 1.441351 0.417302
v -0.252866 1.499701 -0.023271
v -0.252943 1.441351 0.417302
v -0.252978 1.411052 0.514507
v 0.252978 1.411052 0.514507
v 0.253524 1.063131 1.061070
v -0.253524 1.063131 1.061070
v -0.253411 0.985138 1.125955
v 0.253411 0.985138 1.125955
v 0.252963 0.598924 1.346151
v -0.252963 0.598924 1.346151
v -0.252888 0.101913 1.446125
v 0.252888 0.101913 1.446125
v -0.252880 -0.336510 1.387027
v 0.252880 -0.336510 1.387027
v 0.252880 -0.432936 1.356129
v -0.252880 -0.432936 1.356129
v -0.252879 -0.971334 1.000595
v 0.252879 -0.971334 1.000595
v 0.252879 -1.037598 0.924059
v -0.252879 -1.037598 0.924059
v -0.252878 -1.263867 0.544185
v 0.252878 -1.263867 0.544185
v 0.252879 -1.365229 0.048653
v -0.252879 -1.365229 0.048653
v 0.252879 -1.306311 -0.389601
v -0.252879 -1.306311 -0.389601
v -0.252879 -1.275426 -0.486025
v 0.252879 -1.275426 -0.486025
v 0.252881 -0.919922 -1.024579
v -0.252881 -0.919922 -1.024579
v -0.252881 -0.843386 -1.090893
v 0.252881 -0.843386 -1.090893
v 0.252884 -0.463493 -1.317505
v -0.252884 -0.463493 -1.317505
v 0.252880 0.032206 -1.419726
v -0.252880 0.032206 -1.419726
v -0.252800 0.471301 -1.362547
v 0.252800 0.471301 -1.362547
v 0.252735 0.568199 -1.332329
v -0.252735 0.568199 -1.332329
v -0.250467 1.116091 -0.985630
v 0.250467 1.116091 -0.985630
v 0.250382 1.182647 -0.909372
v -0.250382 1.182647 -0.909372
v -0.252339 1.401378 -0.522986
v -0.670029 1.256762 -0.491446
v -0.670389 1.356866 0.006500
v -0.758658 1.308224 0.016596
v -0.758393 1.207757 -0.480947
v -1.214859 0.861087 0.108828
v -1.214832 0.759736 -0.387277
v -1.264438 0.774726 0.126592
v -1.264403 0.673341 -0.369387
v -1.264417 0.180455 -0.694449
v -1.214841 0.162687 -0.780996
v -0.980958 0.658647 -0.883783
v -1.264416 -0.315192 -0.592648
v -1.214835 -0.332923 -0.679152
v -1.264411 -0.640590 -0.099695
v -1.214827 -0.727091 -0.081987
v -0.981026 -0.828490 -0.577567
v -0.758642 -0.873064 -0.795479
v -0.758650 -0.424394 -1.126255
v -0.758640 -1.046370 -0.532935
v -1.264416 -0.539204 0.395874
v -1.214829 -0.625715 0.413576
v -0.758636 -1.072699 0.505059
v -0.758637 -1.174062 0.009520
v -0.758637 -0.742271 0.953722
v -0.981023 -0.524380 0.909136
v -0.670377 -1.121273 0.515001
v -0.670377 -1.222636 0.019464
v -1.264440 -0.046363 0.721240
v -1.214845 -0.028738 0.807736
v -1.264465 0.449394 0.619831
v -1.214869 0.466998 0.706394
v -0.758652 0.062734 1.254863
v -0.758743 0.559367 1.154503
v -0.670498 0.569540 1.203319
v -0.670392 0.072692 1.303465
v -1.410467 -0.128259 0.312312
v -1.394325 0.331719 0.250201
v -1.400200 -0.223803 -0.180733
v -1.387383 0.244354 -0.320276
v -0.758639 -0.479807 1.127039
v -0.758648 0.071258 -1.228346
v -0.670389 -0.434329 -1.174850
v -0.670386 0.061335 -1.276974
v -0.758482 0.614484 -1.102362
v -0.758199 0.877934 -0.930305
v -0.981124 0.963203 0.605563
v -0.758806 1.181967 0.561667
v -0.758979 1.010769 0.826505
v 0.700897 -0.470811 -1.234798
v 0.684111 0.062689 -1.316659
v 0.758640 -1.046370 -0.532935
v 0.758642 -0.873064 -0.795479
v 0.981026 -0.828490 -0.577567
v 0.758637 -1.174062 0.009520
v 1.214827 -0.727091 -0.081987
v 0.758636 -1.072699 0.505059
v 1.214829 -0.625715 0.413576
v 0.758637 -0.742271 0.953722
v 0.981095 -0.524460 0.909051
v 0.756468 -0.484312 1.128003
v 0.783604 0.057811 1.313584
v 1.283687 -0.056451 0.840249
v 0.764395 0.571780 1.181945
v 1.423590 0.521159 0.792988
v 0.758979 1.010769 0.826505
v 0.981124 0.963203 0.605563
v 0.758806 1.181967 0.561667
v 0.677120 0.072462 1.318018
v 0.671347 0.570601 1.205942
v 0.670377 -1.222636 0.019464
v 0.670377 -1.121273 0.515001
v 0.474843 0.701034 0.513874
v 0.506527 0.626824 0.542558
v 0.399478 0.679270 0.525551
v 0.439197 0.598443 0.560223
v 0.320579 0.574896 0.621299
v 0.249404 0.689488 0.574504
v 0.151671 0.655832 0.635223
v 0.178470 0.590844 0.675153
v 0.071376 0.658665 0.702942
v 0.144203 0.727178 0.606489
v 0.057274 0.787694 0.656103
v -0.045305 0.796021 0.734174
v -0.032393 0.714538 0.760791
v -0.082588 0.787396 0.785213
v -0.094658 0.763109 0.860753
v -0.028279 0.657748 0.833097
v -0.110381 0.902358 0.798739
v -0.128824 0.904664 0.878293
v -0.099529 0.994969 0.794085
v -0.115676 1.041124 0.880000
v -0.078390 1.118936 0.869355
v -0.033989 1.099546 0.754222
v -0.074164 0.917254 0.748324
v 0.012587 0.973600 0.677086
v 0.066550 1.076147 0.641705
v 0.043743 1.152349 0.684226
v 0.156048 1.177793 0.617440
v 0.144965 1.315698 0.708452
v 0.041851 1.235427 0.744306
v 0.266662 1.262854 0.585878
v 0.258968 1.353559 0.646061
v 0.342788 1.263781 0.579428
v 0.337575 1.337928 0.628418
v 0.414358 0.910621 0.493644
v 0.445247 0.789594 0.499355
v 0.372338 0.751530 0.512155
v 0.327602 0.877366 0.509812
v 0.165697 0.808344 0.583311
v 0.259985 1.062007 0.541268
v 0.113582 0.981101 0.604868
v 0.371265 1.053787 0.517542
v 0.354645 1.173492 0.543846
v 0.270400 1.184812 0.556368
v 0.365201 1.428342 0.750833
v 0.346205 1.388161 0.680029
v 0.262801 1.416666 0.777447
v 0.257390 1.387999 0.687611
v 0.089996 1.321097 0.826723
v 0.104020 1.314680 0.921411
v 0.295248 1.423179 0.853046
v 0.084459 1.299528 0.926689
v 0.049303 1.286834 0.838047
v -0.083056 1.096015 0.968569
v 0.131887 1.314089 1.012455
v 0.115305 1.301457 1.016737
v 0.160017 1.312889 1.104006
v 0.143405 1.299908 1.107943
v -0.032345 1.083197 1.148107
v -0.060253 1.087013 1.059149
v -0.039728 1.066402 1.149392
v -0.067631 1.070270 1.060486
v -0.079727 0.893242 1.151138
v -0.107601 0.897376 1.062504
v -0.042930 0.725650 1.129500
v -0.070807 0.729853 1.040945
v 0.055746 0.592950 1.091035
v 0.027910 0.597156 1.002495
v 0.079699 0.573653 1.082451
v 0.051807 0.577893 0.993927
v 0.308969 0.469104 1.004662
v 0.281117 0.473344 0.916136
v 0.333508 0.464415 0.996680
v 0.305651 0.468656 0.908155
v 0.541341 0.457828 0.930749
v 0.513486 0.462071 0.842225
v 0.674111 0.492307 0.890400
v 0.639034 0.495469 0.804658
v 0.438151 1.450132 0.987406
v 0.413333 1.439048 0.926158
v 0.351362 1.427240 1.057526
v 0.323132 1.423515 0.962197
v 0.382254 1.433624 0.817042
v 0.389565 1.436924 1.172398
v 0.188361 1.310683 1.195661
v 0.230578 1.314231 1.283936
v 0.405864 1.436578 1.261119
v 0.189266 1.275948 1.290892
v 0.168706 1.294327 1.199733
v 0.340704 1.312202 1.359053
v 0.233643 1.217829 1.366254
v 0.161412 1.075784 1.381942
v 0.060693 1.100706 1.315551
v 0.082856 0.969560 1.374386
v 0.022331 1.021807 1.319296
v 0.068378 0.876196 1.366591
v 0.007889 0.883849 1.313140
v -0.043756 0.889374 1.236877
v -0.012691 1.056374 1.237792
v 0.041645 0.742025 1.292978
v -0.004941 0.728178 1.214863
v 0.108342 0.637248 1.267063
v 0.076004 0.607880 1.182651
v 0.196452 0.573781 1.239956
v 0.138237 0.560590 1.160805
v 0.332020 0.506883 1.192333
v 0.321570 0.474504 1.098372
v 0.446382 0.483835 1.156176
v 0.376737 0.461927 1.080394
v 0.610179 0.482066 1.100980
v 0.570833 0.458404 1.018809
v 0.725425 0.525033 1.078471
v 0.703659 0.498843 0.982928
v 0.643538 0.527314 1.172137
v 0.742339 0.563090 1.156308
v 0.595001 1.267092 1.343528
v 0.566641 1.356236 1.338213
v 0.507051 1.260410 1.392945
v 0.475190 1.375608 1.374980
v 0.452219 1.414578 1.346717
v 0.542168 1.398875 1.334135
v 0.626253 1.165776 1.339285
v 0.531199 1.164479 1.392663
v 0.373016 1.151365 1.405976
v 0.558591 1.012042 1.378853
v 0.365915 0.992263 1.409627
v 0.301782 1.056738 1.416890
v 0.238929 0.953263 1.404700
v 0.280827 0.765144 1.377346
v 0.395512 0.809089 1.385860
v 0.385909 0.704357 1.361098
v 0.517198 0.662531 1.316314
v 0.574420 0.808879 1.348916
v 0.627012 0.711932 1.305047
v 0.700702 0.878099 1.304537
v 0.715326 0.762167 1.268233
v 0.649916 1.030159 1.325488
v 0.735507 0.679250 1.233677
v 0.644766 0.647568 1.270755
v 0.748704 0.609076 1.202959
v 0.651245 0.568874 1.214705
v 0.520871 0.548104 1.230186
v 0.369873 0.564532 1.270105
v 0.378485 0.628164 1.323664
v 0.266378 0.632486 1.315804
v 0.148485 0.688784 1.333474
v 0.154571 0.768847 1.371256
v 0.095472 0.761363 1.349554
v 0.126753 0.890454 1.388740
v 0.261794 1.128068 1.403857
v 0.000645 1.084574 1.235461
v 0.598540 0.505899 0.722930
v 0.487315 0.471121 0.753571
v 0.562538 0.531825 0.647810
v 0.472623 0.502827 0.666412
v 0.293280 0.474683 0.814854
v 0.306465 0.504771 0.715714
v 0.458754 0.553885 0.595427
v 0.533585 0.574248 0.585479
v 0.238145 0.487238 0.832964
v 0.054853 0.573022 0.895136
v 0.193588 0.528020 0.753590
v 0.057541 0.594686 0.798600
v -0.007048 0.620766 0.917550
v -0.088357 0.741386 0.949806
v -0.127184 0.901883 0.971189
v -0.096349 1.068075 0.971243
v 0.437234 0.690182 0.519660
v 0.472867 0.612633 0.551383
v 0.301300 1.347883 0.635448
v 0.306625 1.265133 0.581348
v 0.371132 0.893989 0.501213
v 0.409221 0.770396 0.505028
v 0.318226 1.059475 0.525949
v 0.313773 1.180325 0.548862
v 0.314486 1.422855 0.763983
v 0.304360 1.392539 0.682078
v 0.576261 0.478775 0.823447
v 0.607727 0.475075 0.910582
v 0.396176 1.440393 1.020413
v 0.378575 1.437726 0.941391
v 0.350974 1.436367 0.827722
v 0.636324 0.477406 0.998341
v 0.667999 0.501740 1.086529
v 0.692820 0.543756 1.161726
v 0.556896 1.270500 1.371204
v 0.526885 1.373478 1.361666
v 0.501361 1.416072 1.345902
v 0.581164 1.167690 1.367619
v 0.672221 0.736796 1.286984
v 0.640546 0.843782 1.327943
v 0.610810 1.023906 1.353275
v 0.689162 0.663272 1.250760
v 0.699608 0.587791 1.206832
v 0.542928 0.488513 0.738253
v 0.517585 0.517325 0.657106
v 0.496175 0.564066 0.590446
v 0.320316 1.343400 0.631335
v 0.325634 1.265198 0.579897
v 0.345947 1.057335 0.520252
v 0.607648 0.487123 0.814053
v 0.640919 0.483693 0.900493
v 0.371094 1.436987 0.819913
v 0.669943 0.487758 0.990108
v 0.697060 0.513048 1.082142
v 0.717483 0.553154 1.158677
v 0.522292 1.408481 1.341156
v 0.693657 0.749302 1.277803
v 0.671338 0.861201 1.315873
v 0.632400 1.027939 1.339329
v 0.514881 0.569157 0.587961
v 0.456043 0.695627 0.516773
v 0.489698 0.619729 0.546969
v 0.392758 0.902319 0.497436
v 0.427536 0.779995 0.501951
v 0.334319 1.177055 0.546154
v 0.340322 1.425913 0.757163
v 0.326010 1.391196 0.680649
v 0.418371 1.446182 1.002905
v 0.402964 1.442503 0.931596
v 0.576962 1.270242 1.358114
v 0.546810 1.366116 1.351209
v 0.603871 1.167013 1.353696
v 0.711709 0.671140 1.241656
v 0.724152 0.598187 1.204608
v 0.570734 0.497207 0.730592
v 0.540063 0.524575 0.652456
v 0.464557 1.439878 1.204357
v 0.490561 1.444325 1.195761
v 0.437596 1.440027 1.120777
v 0.459719 1.444036 1.106588
v 0.477687 1.433290 1.272056
v 0.503245 1.436984 1.266012
v 0.430377 1.426755 1.307693
v 0.560262 0.720069 -1.230215
v 0.575226 0.641727 -1.187733
v 0.494381 0.696019 -1.260106
v 0.513065 0.610781 -1.208247
v 0.386100 0.584361 -1.220262
v 0.346371 0.705067 -1.299811
v 0.237204 0.668057 -1.300622
v 0.241624 0.599460 -1.251643
v 0.136275 0.670063 -1.287399
v 0.242074 0.743854 -1.330392
v 0.141970 0.807310 -1.337561
v 0.017509 0.814726 -1.327845
v 0.018574 0.728059 -1.296338
v -0.038975 0.804947 -1.305241
v -0.087179 0.778853 -1.248524
v -0.013055 0.667788 -1.232704
v -0.074771 0.927554 -1.313370
v -0.131369 0.929590 -1.257996
v -0.068487 1.027732 -1.315851
v -0.128151 1.077640 -1.257093
v -0.096393 1.164101 -1.251160
v -0.001081 1.143192 -1.319567
v -0.020044 0.944221 -1.336207
v 0.083727 1.006551 -1.351335
v 0.138955 1.119433 -1.357202
v 0.093514 1.203222 -1.339155
v 0.215067 1.235926 -1.338120
v 0.146518 1.395105 -1.283298
v 0.055603 1.295909 -1.297101
v 0.309425 1.342860 -1.318677
v 0.252073 1.474361 -1.300009
v 0.374578 1.343427 -1.282874
v 0.329221 1.449438 -1.266968
v 0.508818 0.943221 -1.285748
v 0.538524 0.813976 -1.260494
v 0.475070 0.772564 -1.287649
v 0.432160 0.906659 -1.317559
v 0.266737 0.830807 -1.340733
v 0.348048 1.107023 -1.336639
v 0.202341 1.016321 -1.357623
v 0.451284 1.098635 -1.295967
v 0.413841 1.233407 -1.292557
v 0.337875 1.246424 -1.328804
v 0.289120 1.528651 -1.145763
v 0.305172 1.505542 -1.224423
v 0.195067 1.512799 -1.175813
v 0.229364 1.505796 -1.265151
v 0.045971 1.391990 -1.211045
v 0.010490 1.381288 -1.124790
v 0.186385 1.507056 -1.090523
v -0.006475 1.364639 -1.129953
v 0.011092 1.352791 -1.220582
v -0.150137 1.138147 -1.171313
v -0.012970 1.374953 -1.033769
v -0.027538 1.361625 -1.038402
v -0.036708 1.366527 -0.942042
v -0.051444 1.353334 -0.946782
v -0.203298 1.121119 -0.993876
v -0.178813 1.127023 -1.083602
v -0.209212 1.102841 -0.995684
v -0.184761 1.108557 -1.085262
v -0.234864 0.916667 -1.005881
v -0.210639 0.921220 -1.094551
v -0.185413 0.739467 -0.997405
v -0.161268 0.743645 -1.085778
v -0.078000 0.600368 -0.972731
v -0.053831 0.604400 -1.060992
v -0.052985 0.580271 -0.966589
v -0.028872 0.584325 -1.054861
v 0.179795 0.472704 -0.906597
v 0.203942 0.476693 -0.994811
v 0.204161 0.468068 -0.900063
v 0.228304 0.472056 -0.988276
v 0.407723 0.463852 -0.844071
v 0.431866 0.467824 -0.932270
v 0.534554 0.502075 -0.807669
v 0.551436 0.504807 -0.897380
v 0.239744 1.509484 -0.899665
v 0.248262 1.508152 -0.963497
v 0.136863 1.479624 -0.888298
v 0.158438 1.490424 -0.980935
v 0.273062 1.521430 -1.075781
v 0.115035 1.469962 -0.780803
v -0.060568 1.357019 -0.850432
v -0.071793 1.353869 -0.755338
v 0.087429 1.455691 -0.705895
v -0.108378 1.317231 -0.767331
v -0.078078 1.340962 -0.856056
v -0.017273 1.338306 -0.641674
v -0.109495 1.253537 -0.677775
v -0.171530 1.108954 -0.693145
v -0.218753 1.136682 -0.803422
v -0.226300 0.997942 -0.735837
v -0.248125 1.053084 -0.816722
v -0.229244 0.899543 -0.746266
v -0.249970 0.907102 -0.823447
v -0.251246 0.912590 -0.914988
v -0.234191 1.090607 -0.906076
v -0.204717 0.757767 -0.817101
v -0.200134 0.742574 -0.906390
v -0.131317 0.647974 -0.799975
v -0.111038 0.616474 -0.886397
v -0.042080 0.582069 -0.773944
v -0.046440 0.567299 -0.870173
v 0.096723 0.513167 -0.739721
v 0.139980 0.478707 -0.822370
v 0.209794 0.490328 -0.708377
v 0.194895 0.466141 -0.807660
v 0.371742 0.490649 -0.666991
v 0.384858 0.464999 -0.755452
v 0.482871 0.527669 -0.640537
v 0.510413 0.506786 -0.720866
v 0.358714 0.538456 -0.592596
v 0.454362 0.566158 -0.574774
v 0.204981 1.279335 -0.526838
v 0.188825 1.354538 -0.564524
v 0.106509 1.274638 -0.529832
v 0.092975 1.377109 -0.581104
v 0.087691 1.417333 -0.619330
v 0.172670 1.391378 -0.589142
v 0.230276 1.189309 -0.497316
v 0.125095 1.187097 -0.503446
v -0.012613 1.179342 -0.570737
v 0.156798 1.039867 -0.485359
v -0.015782 1.020237 -0.559420
v -0.074628 1.086934 -0.590209
v -0.115050 0.980823 -0.627676
v -0.057195 0.784569 -0.620880
v 0.029007 0.831428 -0.554740
v 0.039776 0.721885 -0.576654
v 0.172096 0.679556 -0.542791
v 0.193526 0.833054 -0.490411
v 0.264249 0.732809 -0.495191
v 0.315746 0.906685 -0.462533
v 0.352490 0.786658 -0.480208
v 0.258288 1.059329 -0.482101
v 0.392162 0.698903 -0.497870
v 0.300279 0.665600 -0.512178
v 0.427915 0.618463 -0.527731
v 0.339791 0.582701 -0.553494
v 0.227137 0.559204 -0.609057
v 0.082809 0.574565 -0.656614
v 0.057791 0.641737 -0.609355
v -0.029034 0.644924 -0.675509
v -0.136953 0.702889 -0.725000
v -0.156428 0.787316 -0.692877
v -0.192309 0.778806 -0.742032
v -0.194544 0.914965 -0.697382
v -0.103151 1.160668 -0.626005
v -0.223447 1.120891 -0.902495
v 0.561365 0.515159 -0.986779
v 0.457148 0.476897 -1.019747
v 0.570496 0.541985 -1.068656
v 0.489575 0.510103 -1.100389
v 0.267395 0.478126 -1.072208
v 0.328831 0.510004 -1.147953
v 0.512920 0.563867 -1.167663
v 0.577553 0.586420 -1.136586
v 0.212435 0.490694 -1.086804
v 0.026196 0.579129 -1.134881
v 0.216035 0.533163 -1.177142
v 0.078224 0.602039 -1.213887
v -0.038460 0.628892 -1.150531
v -0.127894 0.755755 -1.170899
v -0.178582 0.926262 -1.180621
v -0.161033 1.107055 -1.174183
v 0.527405 0.708081 -1.245173
v 0.544153 0.626256 -1.197998
v 0.290916 1.471287 -1.288061
v 0.343624 1.346251 -1.301708
v 0.470875 0.924957 -1.302021
v 0.507537 0.793102 -1.274445
v 0.403421 1.104672 -1.317912
v 0.377312 1.241486 -1.311313
v 0.241465 1.523559 -1.162514
v 0.267221 1.516928 -1.249191
v 0.491649 0.486321 -0.914833
v 0.471137 0.482968 -0.825878
v 0.190468 1.496211 -0.895413
v 0.212649 1.506155 -0.969480
v 0.242269 1.524040 -1.083688
v 0.447634 0.485897 -0.738168
v 0.427313 0.509158 -0.653760
v 0.406546 0.552306 -0.583676
v 0.159677 1.281769 -0.524824
v 0.144910 1.369031 -0.569539
v 0.132409 1.409431 -0.601639
v 0.179147 1.189863 -0.498637
v 0.309060 0.759467 -0.486867
v 0.256426 0.870146 -0.473953
v 0.212261 1.052297 -0.479653
v 0.345924 0.682716 -0.505557
v 0.383862 0.600582 -0.540603
v 0.509255 0.496032 -1.003271
v 0.530042 0.526046 -1.084531
v 0.545245 0.575145 -1.152133
v 0.310839 1.461426 -1.277944
v 0.359968 1.345865 -1.292387
v 0.429055 1.102438 -1.307564
v 0.521542 0.495565 -0.906108
v 0.502845 0.492522 -0.816776
v 0.262343 1.525067 -1.079497
v 0.479023 0.496343 -0.729519
v 0.455094 0.518413 -0.647148
v 0.430456 0.559232 -0.579223
v 0.152894 1.400246 -0.595206
v 0.330591 0.772867 -0.483440
v 0.286859 0.888670 -0.468203
v 0.236935 1.056716 -0.479917
v 0.561401 0.580783 -1.144361
v 0.543832 0.714097 -1.237689
v 0.559691 0.633992 -1.192868
v 0.489850 0.934110 -1.293879
v 0.523403 0.803544 -1.267509
v 0.395738 1.237654 -1.302086
v 0.265523 1.527052 -1.154559
v 0.286534 1.513117 -1.237448
v 0.216523 1.503873 -0.897815
v 0.236968 1.511529 -0.964561
v 0.182902 1.281601 -0.525092
v 0.166587 1.362224 -0.566711
v 0.204806 1.189657 -0.497878
v 0.368754 0.690911 -0.502067
v 0.405891 0.609523 -0.534164
v 0.535310 0.505597 -0.995027
v 0.550271 0.534016 -1.076596
v 0.165487 1.457886 -0.724459
v 0.190863 1.462425 -0.717894
v 0.179502 1.476385 -0.797519
v 0.204094 1.481743 -0.796959
v 0.147493 1.436197 -0.670914
v 0.171753 1.438859 -0.663343
v 0.087606 1.435530 -0.660390
v 1.441109 0.246028 -0.232712
v 1.410328 0.251522 -0.237890
v 1.373374 0.255708 -0.229226
v 1.336384 0.256600 -0.194541
v 1.309922 0.261377 -0.158342
v 1.290907 0.268655 -0.121479
v 1.277308 0.274543 -0.079445
v 1.269443 0.278270 -0.033879
v 1.267489 0.279364 0.013514
v 1.271574 0.277729 0.060798
v 1.281673 0.273571 0.106051
v 1.297472 0.268048 0.148202
v 1.319203 0.263280 0.185433
v 1.361269 0.265161 0.221209
v 1.389132 0.258704 0.250579
v 1.417997 0.255031 0.263031
v 1.456176 0.239423 0.258623
v 1.483980 0.242066 0.229218
v 1.506723 0.245517 0.198405
v 1.531500 0.245166 0.172072
v 1.560614 0.233561 0.148450
v 1.590291 0.220792 0.119173
v 1.620239 0.205649 0.085045
v 1.352656 -0.113784 0.012195
v 1.633784 0.186634 0.040739
v 1.632467 0.178336 0.010245
v 1.620845 0.177622 -0.030858
v 1.596707 0.187004 -0.077911
v 1.561206 0.203695 -0.113547
v 1.527942 0.227268 -0.138974
v 1.501377 0.240881 -0.171685
v 1.479216 0.242888 -0.198671
v 1.461374 0.242475 -0.218051
v 1.582672 0.219828 0.115739
v 1.555508 0.233954 0.145101
vt 0.250000 0.490000
vt 0.250000 0.250000
vt 0.296822 0.485388
vt 0.341844 0.471731
vt 0.383337 0.449553
vt 0.419706 0.419706
vt 0.449553 0.383337
vt 0.471731 0.341844
vt 0.485388 0.296822
vt 0.490000 0.250000
vt 0.485388 0.203178
vt 0.471731 0.158156
vt 0.449553 0.116663
vt 0.419706 0.080294
vt 0.383337 0.050447
vt 0.341844 0.028269
vt 0.296822 0.014612
vt 0.250000 0.010000
vt 0.203178 0.014612
vt 0.158156 0.028269
vt 0.116663 0.050447
vt 0.084462 0.084462
vt 0.080294 0.080294
vt 0.056845 0.120938
vt 0.050447 0.116663
vt 0.028269 0.158156
vt 0.014611 0.203179
vt 0.010000 0.250000
vt 0.014612 0.296822
vt 0.028269 0.341844
vt 0.050447 0.383337
vt 0.080295 0.419706
vt 0.116663 0.449553
vt 0.158156 0.471731
vt 0.203179 0.485389
vt 0.750000 0.490000
vt 0.796822 0.485388
vt 0.841844 0.471731
vt 0.883337 0.449553
vt 0.919706 0.419706
vt 0.949553 0.383337
vt 0.971731 0.341844
vt 0.985388 0.296822
vt 0.990000 0.250000
vt 0.985388 0.203178
vt 0.971731 0.158156
vt 0.949553 0.116663
vt 0.919706 0.080294
vt 0.883337 0.050447
vt 0.841844 0.028269
vt 0.796822 0.014612
vt 0.750000 0.010000
vt 0.703178 0.014612
vt 0.658156 0.028269
vt 0.616663 0.050447
vt 0.580294 0.080294
vt 0.550447 0.116663
vt 0.528269 0.158156
vt 0.514611 0.203179
vt 0.510000 0.250000
vt 0.514612 0.296822
vt 0.528269 0.341844
vt 0.550447 0.383337
vt 0.580295 0.419706
vt 0.616663 0.449553
vt 0.658156 0.471731
vt 0.703179 0.485389
vt 0.315268 0.623557
vt 0.329869 0.634238
vt 0.314044 0.643688
vt 0.332449 0.596937
vt 0.352092 0.619847
vt 0.355915 0.583351
vt 0.369054 0.607287
vt 0.329863 0.591438
vt 0.354104 0.578748
vt 0.317711 0.566862
vt 0.348046 0.554366
vt 0.374013 0.555352
vt 0.347549 0.518287
vt 0.381727 0.524299
vt 0.357336 0.472043
vt 0.301010 0.516428
vt 0.283210 0.460336
vt 0.244065 0.543516
vt 0.287572 0.586610
vt 0.282378 0.594173
vt 0.232712 0.554122
vt 0.266234 0.657981
vt 0.184298 0.665338
vt 0.267359 0.668937
vt 0.193027 0.684120
vt 0.291044 0.702508
vt 0.233827 0.754955
vt 0.109506 0.858485
vt 0.311733 0.944849
vt 0.313104 0.801223
vt 0.060131 0.889655
vt 0.323557 0.997379
vt 0.000000 0.000000
vt 0.000000 0.000000
vt 0.000000 0.000000
vt 0.000000 0.000000
vt 0.000000 0.000000
vt 0.000000 0.000000
vt 0.000000 0.000000
vt 0.000000 0.000000
vt 0.597064 0.433440
vt 0.857591 0.238245
vt 0.857591 0.652563
vt 0.634677 0.557362
vt 0.521065 0.499180
vt 0.548815 0.557139
vt 0.536404 0.559318
vt 0.511599 0.508190
vt 0.465102 0.547388
vt 0.482763 0.575689
vt 0.476746 0.577965
vt 0.460471 0.552028
vt 0.441642 0.568132
vt 0.455530 0.587767
vt 0.437045 0.598635
vt 0.425156 0.582633
vt 0.423821 0.607774
vt 0.412715 0.593758
vt 0.409915 0.596177
vt 0.420983 0.609896
vt 0.404709 0.623471
vt 0.393688 0.611130
vt 0.391142 0.613426
vt 0.402276 0.625718
vt 0.392050 0.635692
vt 0.380272 0.623493
vt 0.380659 0.648403
vt 0.367033 0.635794
vt 0.354203 0.647854
vt 0.370099 0.661933
vt 0.367671 0.665538
vt 0.350953 0.651056
vt 0.000000 0.000000
vt 0.000000 0.000000
vt 0.000000 0.000000
vt 0.000000 0.000000
vt 0.000000 0.000000
vt 0.000000 0.000000
vt 0.000000 0.000000
vt 0.000000 0.000000
vt 0.345174 0.698432
vt 0.372307 0.734105
vt 0.332551 0.729249
vt 0.385940 0.789610
vt 0.380489 0.733621
vt 0.397165 0.782219
vt 0.420270 0.712829
vt 0.448007 0.739193
vt 0.424856 0.708667
vt 0.453304 0.732201
vt 0.396924 0.692232
vt 0.416413 0.675900
vt 0.420152 0.678431
vt 0.426154 0.658088
vt 0.429866 0.659638
vt 0.429083 0.638396
vt 0.449760 0.642712
vt 0.449891 0.646969
vt 0.406264 0.646869
vt 0.419450 0.633914
vt 0.427918 0.627535
vt 0.472776 0.640904
vt 0.473567 0.646162
vt 0.445696 0.617788
vt 0.466075 0.611009
vt 0.501972 0.628188
vt 0.496202 0.609284
vt 0.444265 0.614071
vt 0.464640 0.606379
vt 0.509312 0.668582
vt 0.501680 0.669999
vt 0.509096 0.714805
vt 0.499547 0.711311
vt 0.618014 0.730172
vt 0.577170 0.644871
vt 0.589569 0.635477
vt 0.644540 0.728132
vt 0.469507 0.699130
vt 0.472523 0.670015
vt 0.437361 0.687298
vt 0.447729 0.666100
vt 0.521206 0.612024
vt 0.395507 0.661336
vt 0.392676 0.658730
vt 0.403445 0.644852
vt 0.386050 0.681935
vt 0.380826 0.696956
vt 0.492894 0.784650
vt 0.465745 0.825729
vt 0.538675 0.827783
vt 0.354888 0.623330
vt 0.371164 0.610971
vt 0.383986 0.593934
vt 0.392430 0.585570
vt 0.380197 0.582229
vt 0.379186 0.556544
vt 0.407370 0.567975
vt 0.388243 0.527389
vt 0.421678 0.547245
vt 0.417753 0.493753
vt 0.437835 0.514153
vt 0.451745 0.485781
vt 0.362606 0.459368
vt 0.459999 0.386051
vt 0.283306 0.441905
vt 0.391868 0.000131
vt 0.114803 0.458097
vt 0.000131 0.316557
vt 0.003433 0.547902
vt 0.477971 0.001709
vt 0.485071 0.380225
vt 0.426150 0.550744
vt 0.410998 0.570608
vt 0.790249 0.963200
vt 0.000000 0.000000
vt 0.000000 0.000000
vt 0.000000 0.000000
vt 0.744931 0.999869
vt 0.000000 0.000000
vt 0.000000 0.000000
vt 0.000000 0.000000
vt 0.000000 0.000000
vt 0.000000 0.000000
vt 0.348584 0.692464
vt 0.000000 0.000000
vt 0.000000 0.000000
vt 0.000000 0.000000
vt 0.000000 0.000000
vt 0.000000 0.000000
vt 0.000000 0.000000
vt 0.000000 0.000000
vt 0.000000 0.000000
vt 0.000000 0.000000
vt 0.000000 0.000000
vt 0.000000 0.000000
vt 0.000000 0.000000
vt 0.000000 0.000000
vt 0.000000 0.000000
vt 0.000000 0.000000
vt 0.000000 0.000000
vt 0.000000 0.000000
vt 0.000000 0.000000
vt 0.000000 0.000000
vt 0.000000 0.000000
vt 0.000000 0.000000
vt 0.000000 0.000000
vt 0.000000 0.000000
vt 0.000000 0.000000
vt 0.000000 0.000000
vt 0.000000 0.000000
vt 0.000000 0.000000
vt 0.000000 0.000000
vt 0.000000 0.000000
vt 0.000000 0.000000
vt 0.000000 0.000000
vt 0.000000 0.000000
vt 0.000000 0.000000
vt 0.000000 0.000000
vt 0.000000 0.000000
vt 0.000000 0.000000
vt 0.000000 0.000000
vt 0.000000 0.000000
vt 0.000000 0.000000
vt 0.000000 0.000000
vt 0.000000 0.000000
vt 0.000000 0.000000
vt 0.000000 0.000000
vt 0.000000 0.000000
vt 0.000000 0.000000
vt 0.000000 0.000000
vt 0.000000 0.000000
vt 0.000000 0.000000
vt 0.921013 0.302434
vt 0.928518 0.289392
vt 0.935449 0.293231
vt 0.928759 0.307414
vt 0.957338 0.301498
vt 0.959184 0.324970
vt 0.919602 0.318162
vt 0.952741 0.340549
vt 0.967433 0.329820
vt 0.956569 0.342798
vt 0.000000 0.000000
vt 0.000000 0.000000
vt 0.000000 0.000000
vt 0.947087 0.356551
vt 0.943918 0.354633
vt 0.937945 0.370144
vt 0.934862 0.368263
vt 0.986548 0.384764
vt 0.976877 0.397558
vt 0.989097 0.386638
vt 0.979402 0.399470
vt 0.000000 0.000000
vt 0.000000 0.000000
vt 0.000000 0.000000
vt 0.000000 0.000000
vt 0.000000 0.000000
vt 0.000000 0.000000
vt 0.000000 0.000000
vt 0.000000 0.000000
vt 0.000000 0.000000
vt 0.000000 0.000000
vt 0.000000 0.000000
vt 0.000000 0.000000
vt 0.000000 0.000000
vt 0.000000 0.000000
vt 0.000000 0.000000
vt 0.000000 0.000000
vt 0.000000 0.000000
vt 0.000000 0.000000
vt 0.000000 0.000000
vt 0.000000 0.000000
vt 0.894393 0.341530
vt 0.901040 0.328836
vt 0.909771 0.335075
vt 0.900736 0.349830
vt 0.911349 0.311055
vt 0.889902 0.367500
vt 0.926108 0.381492
vt 0.885091 0.381215
vt 0.915774 0.393189
vt 0.929745 0.383626
vt 0.923466 0.397372
vt 0.918076 0.412498
vt 0.898121 0.403632
vt 0.951244 0.417103
vt 0.936118 0.429414
vt 0.961771 0.426550
vt 0.954106 0.440075
vt 0.975285 0.446102
vt 0.962751 0.452797
vt 0.970095 0.412611
vt 0.989097 0.436622
vt 0.000000 0.000000
vt 0.000000 0.000000
vt 0.000000 0.000000
vt 0.000000 0.000000
vt 0.000000 0.000000
vt 0.000000 0.000000
vt 0.000000 0.000000
vt 0.000000 0.000000
vt 0.000000 0.000000
vt 0.000000 0.000000
vt 0.000000 0.000000
vt 0.000000 0.000000
vt 0.000000 0.000000
vt 0.000000 0.000000
vt 0.000000 0.000000
vt 0.000000 0.000000
vt 0.000000 0.000000
vt 0.000000 0.000000
vt 0.000000 0.000000
vt 0.000000 0.000000
vt 0.866681 0.419678
vt 0.868218 0.402514
vt 0.876161 0.401347
vt 0.875617 0.419585
vt 0.864702 0.403775
vt 0.860819 0.405485
vt 0.863813 0.397655
vt 0.867406 0.395825
vt 0.878031 0.394095
vt 0.862262 0.438473
vt 0.857852 0.439830
vt 0.858917 0.421399
vt 0.862752 0.420332
vt 0.875757 0.435360
vt 0.900749 0.430103
vt 0.910083 0.453690
vt 0.878448 0.461093
vt 0.916258 0.440549
vt 0.931546 0.452340
vt 0.915970 0.484300
vt 0.937063 0.484502
vt 0.923865 0.501133
vt 0.886671 0.495463
vt 0.904248 0.517952
vt 0.882590 0.515845
vt 0.872928 0.515112
vt 0.873162 0.494121
vt 0.868408 0.462364
vt 0.873106 0.530103
vt 0.882282 0.529270
vt 0.869274 0.545292
vt 0.864497 0.544607
vt 0.863787 0.530670
vt 0.868520 0.530435
vt 0.000000 0.000000
vt 0.000000 0.000000
vt 0.000000 0.000000
vt 0.000000 0.000000
vt 0.000000 0.000000
vt 0.000000 0.000000
vt 0.000000 0.000000
vt 0.000000 0.000000
vt 0.930139 0.514938
vt 0.949312 0.507531
vt 0.956949 0.475337
vt 0.964823 0.489030
vt 0.967832 0.472651
vt 0.952374 0.454699
vt 0.918299 0.427933
vt 0.866630 0.437231
vt 0.871004 0.394927
vt 0.873405 0.382613
vt 0.881075 0.388214
vt 0.000000 0.000000
vt 0.000000 0.000000
vt 0.000000 0.000000
vt 0.000000 0.000000
vt 0.966036 0.409080
vt 0.000000 0.000000
vt 0.000000 0.000000
vt 0.000000 0.000000
vt 0.000000 0.000000
vt 0.000000 0.000000
vt 0.000000 0.000000
vt 0.000000 0.000000
vt 0.000000 0.000000
vt 0.000000 0.000000
vt 0.000000 0.000000
vt 0.000000 0.000000
vt 0.000000 0.000000
vt 0.000000 0.000000
vt 0.000000 0.000000
vt 0.000000 0.000000
vt 0.000000 0.000000
vt 0.000000 0.000000
vt 0.000000 0.000000
vt 0.000000 0.000000
vt 0.000000 0.000000
vt 0.000000 0.000000
vt 0.933972 0.279619
vt 0.939794 0.284952
vt 0.000000 0.000000
vt 0.000000 0.000000
vt 0.000000 0.000000
vt 0.000000 0.000000
vt 0.000000 0.000000
vt 0.000000 0.000000
vt 0.000000 0.000000
vt 0.000000 0.000000
vt 0.000000 0.000000
vt 0.982097 0.471398
vt 0.000000 0.000000
vt 0.000000 0.000000
vt 0.925301 0.287515
vt 0.931423 0.277184
vt 0.908410 0.308696
vt 0.917103 0.299843
vt 0.000000 0.000000
vt 0.000000 0.000000
vt 0.000000 0.000000
vt 0.000000 0.000000
vt 0.000000 0.000000
vt 0.000000 0.000000
vt 0.879962 0.353981
vt 0.891211 0.337512
vt 0.883398 0.357243
vt 0.863966 0.463121
vt 0.883443 0.546629
vt 0.874035 0.545893
vt 0.868238 0.514655
vt 0.866638 0.493351
vt 0.000000 0.000000
vt 0.897264 0.325959
vt 0.000000 0.000000
vt 0.000000 0.000000
vt 0.000000 0.000000
vt 0.913301 0.297372
vt 0.922247 0.285667
vt 0.888472 0.333918
vt 0.895732 0.324417
vt 0.906642 0.307531
vt 0.863450 0.514152
vt 0.860368 0.492542
vt 0.860137 0.463973
vt 0.000000 0.000000
vt 0.000000 0.000000
vt 0.000000 0.000000
vt 0.000000 0.000000
vt 0.000000 0.000000
vt 0.000000 0.000000
vt 0.000000 0.000000
vt 0.000000 0.000000
vt 0.000000 0.000000
vt 0.000000 0.000000
vt 0.000000 0.000000
vt 0.000000 0.000000
vt 0.000000 0.000000
vt 0.000000 0.000000
vt 0.000000 0.000000
vt 0.000000 0.000000
vt 0.000000 0.000000
vt 0.000000 0.000000
vt 0.000000 0.000000
vt 0.929127 0.274918
vt 0.868807 0.381618
vt 0.871825 0.368904
vt 0.876322 0.370989
vt 0.983104 0.256428
vt 0.983254 0.274092
vt 0.976604 0.274656
vt 0.976069 0.255955
vt 0.000000 0.000000
vt 0.000000 0.000000
vt 0.000000 0.000000
vt 0.000000 0.000000
vt 0.000000 0.000000
vt 0.000000 0.000000
vt 0.000000 0.000000
vt 0.922357 0.212092
vt 0.934581 0.229543
vt 0.928202 0.243151
vt 0.910279 0.236127
vt 0.894764 0.216625
vt 0.902605 0.201505
vt 0.891605 0.198673
vt 0.000000 0.000000
vt 0.000000 0.000000
vt 0.000000 0.000000
vt 0.000000 0.000000
vt 0.884469 0.169537
vt 0.897049 0.176434
vt 0.877051 0.197681
vt 0.899063 0.148827
vt 0.905963 0.162592
vt 0.923442 0.150955
vt 0.909496 0.138835
vt 0.927293 0.176839
vt 0.907183 0.178579
vt 0.940750 0.148692
vt 0.942614 0.163616
vt 0.960177 0.150113
vt 0.940086 0.132509
vt 0.957176 0.122601
vt 0.974079 0.118133
vt 0.979079 0.137953
vt 0.982573 0.119302
vt 0.986123 0.120613
vt 0.991224 0.138956
vt 0.988343 0.138394
vt 0.989154 0.214139
vt 0.993222 0.213874
vt 0.991071 0.238364
vt 0.987539 0.238998
vt 0.944507 0.216654
vt 0.976999 0.214870
vt 0.976611 0.240663
vt 0.949940 0.244314
vt 0.946101 0.182919
vt 0.974537 0.176813
vt 0.988547 0.181992
vt 0.992623 0.183901
vt 0.989881 0.157665
vt 0.993222 0.159094
vt 0.973944 0.097803
vt 0.977166 0.110442
vt 0.972147 0.112371
vt 0.966906 0.100636
vt 0.941559 0.113508
vt 0.962932 0.087987
vt 0.931773 0.102892
vt 0.935002 0.117880
vt 0.928626 0.105124
vt 0.895159 0.131934
vt 0.920152 0.092411
vt 0.922907 0.090455
vt 0.910459 0.079330
vt 0.913403 0.077345
vt 0.883037 0.121933
vt 0.872152 0.110084
vt 0.880500 0.124173
vt 0.869568 0.112229
vt 0.000000 0.000000
vt 0.000000 0.000000
vt 0.000000 0.000000
vt 0.000000 0.000000
vt 0.000000 0.000000
vt 0.000000 0.000000
vt 0.000000 0.000000
vt 0.000000 0.000000
vt 0.000000 0.000000
vt 0.000000 0.000000
vt 0.000000 0.000000
vt 0.000000 0.000000
vt 0.000000 0.000000
vt 0.000000 0.000000
vt 0.000000 0.000000
vt 0.000000 0.000000
vt 0.000000 0.000000
vt 0.000000 0.000000
vt 0.000000 0.000000
vt 0.000000 0.000000
vt 0.954816 0.055573
vt 0.962418 0.067051
vt 0.953446 0.071460
vt 0.944954 0.057217
vt 0.972238 0.085150
vt 0.935049 0.040714
vt 0.904112 0.063522
vt 0.925866 0.030373
vt 0.897042 0.048128
vt 0.900465 0.065814
vt 0.889031 0.053066
vt 0.000000 0.000000
vt 0.000000 0.000000
vt 0.000000 0.000000
vt 0.000000 0.000000
vt 0.000000 0.000000
vt 0.000000 0.000000
vt 0.000000 0.000000
vt 0.000000 0.000000
vt 0.000000 0.000000
vt 0.000000 0.000000
vt 0.000000 0.000000
vt 0.000000 0.000000
vt 0.000000 0.000000
vt 0.000000 0.000000
vt 0.000000 0.000000
vt 0.000000 0.000000
vt 0.000000 0.000000
vt 0.000000 0.000000
vt 0.000000 0.000000
vt 0.000000 0.000000
vt 0.000000 0.000000
vt 0.000000 0.000000
vt 0.000000 0.000000
vt 0.000000 0.000000
vt 0.000000 0.000000
vt 0.000000 0.000000
vt 0.000000 0.000000
vt 0.000000 0.000000
vt 0.000000 0.000000
vt 0.000000 0.000000
vt 0.000000 0.000000
vt 0.000000 0.000000
vt 0.000000 0.000000
vt 0.000000 0.000000
vt 0.000000 0.000000
vt 0.000000 0.000000
vt 0.000000 0.000000
vt 0.000000 0.000000
vt 0.913506 0.007792
vt 0.918511 0.016170
vt 0.897059 0.024887
vt 0.000000 0.000000
vt 0.000000 0.000000
vt 0.000000 0.000000
vt 0.000000 0.000000
vt 0.000000 0.000000
vt 0.000000 0.000000
vt 0.000000 0.000000
vt 0.000000 0.000000
vt 0.000000 0.000000
vt 0.000000 0.000000
vt 0.000000 0.000000
vt 0.000000 0.000000
vt 0.000000 0.000000
vt 0.000000 0.000000
vt 0.000000 0.000000
vt 0.000000 0.000000
vt 0.000000 0.000000
vt 0.000000 0.000000
vt 0.000000 0.000000
vt 0.000000 0.000000
vt 0.000000 0.000000
vt 0.000000 0.000000
vt 0.000000 0.000000
vt 0.000000 0.000000
vt 0.000000 0.000000
vt 0.000000 0.000000
vt 0.000000 0.000000
vt 0.000000 0.000000
vt 0.000000 0.000000
vt 0.000000 0.000000
vt 0.000000 0.000000
vt 0.000000 0.000000
vt 0.000000 0.000000
vt 0.000000 0.000000
vt 0.000000 0.000000
vt 0.000000 0.000000
vt 0.000000 0.000000
vt 0.923607 0.009281
vt 0.932190 0.019806
vt 0.922153 0.022920
vt 0.000000 0.000000
vt 0.000000 0.000000
vt 0.000000 0.000000
vt 0.000000 0.000000
vt 0.000000 0.000000
vt 0.000000 0.000000
vt 0.000000 0.000000
vt 0.000000 0.000000
vt 0.000000 0.000000
vt 0.000000 0.000000
vt 0.000000 0.000000
vt 0.000000 0.000000
vt 0.000000 0.000000
vt 0.000000 0.000000
vt 0.000000 0.000000
vt 0.000000 0.000000
vt 0.000000 0.000000
vt 0.000000 0.000000
vt 0.000000 0.000000
vt 0.000000 0.000000
vt 0.891256 0.135760
vt 0.870794 0.159880
vt 0.857852 0.149585
vt 0.000000 0.000000
vt 0.000000 0.000000
vt 0.000000 0.000000
vt 0.979277 0.118391
vt 0.985267 0.138096
vt 0.986560 0.156314
vt 0.979686 0.153972
vt 0.000000 0.000000
vt 0.000000 0.000000
vt 0.000000 0.000000
vt 0.000000 0.000000
vt 0.990084 0.256888
vt 0.986596 0.256657
vt 0.983907 0.239587
vt 0.000000 0.000000
vt 0.000000 0.000000
vt 0.980261 0.109504
vt 0.975463 0.083838
vt 0.977752 0.096293
vt 0.000000 0.000000
vt 0.000000 0.000000
vt 0.000000 0.000000
vt 0.000000 0.000000
vt 0.000000 0.000000
vt 0.951096 0.037989
vt 0.959596 0.054636
vt 0.946828 0.039514
vt 0.000000 0.000000
vt 0.000000 0.000000
vt 0.000000 0.000000
vt 0.919928 0.000131
vt 0.000000 0.000000
vt 0.966473 0.065142
vt 0.984029 0.180197
vt 0.985101 0.214404
vt 0.986575 0.273811
vt 0.989897 0.273531
vt 0.981645 0.094581
vt 0.983941 0.108594
vt 0.963793 0.053845
vt 0.968432 0.064389
vt 0.977238 0.082774
vt 0.000000 0.000000
vt 0.000000 0.000000
vt 0.000000 0.000000
vt 0.000000 0.000000
vt 0.000000 0.000000
vt 0.000000 0.000000
vt 0.000000 0.000000
vt 0.000000 0.000000
vt 0.000000 0.000000
vt 0.000000 0.000000
vt 0.000000 0.000000
vt 0.000000 0.000000
vt 0.000000 0.000000
vt 0.000000 0.000000
vt 0.000000 0.000000
vt 0.000000 0.000000
vt 0.000000 0.000000
vt 0.000000 0.000000
vt 0.000000 0.000000
vt 0.000000 0.000000
vt 0.935698 0.016836
vt 0.943443 0.025151
vt 0.939467 0.027850
vt 0.926107 0.005880
vn 0.0368 -0.5685 -0.8219
vn -0.2504 -0.5197 -0.8169
vn -0.6324 -0.3985 -0.6642
vn -0.7824 -0.3294 -0.5285
vn -0.8747 -0.2796 -0.3960
vn -0.9322 -0.2440 -0.2674
vn -0.9637 -0.2220 -0.1482
vn -0.9767 -0.2115 -0.0354
vn -0.9744 -0.2113 0.0769
vn -0.9558 -0.2219 0.1929
vn -0.9182 -0.2439 0.3122
vn -0.8434 -0.2843 0.4559
vn -0.5894 -0.3799 0.7130
vn -0.7212 -0.3219 0.6134
vn -0.3998 -0.4660 0.7893
vn -0.1259 -0.5425 0.8305
vn 0.6260 -0.5612 0.5414
vn 0.7047 -0.5404 0.4597
vn 0.6019 -0.5554 0.5737
vn -0.2107 -0.9549 0.2094
vn -0.1240 -0.9420 0.3119
vn 0.4087 -0.5283 0.7442
vn 0.6255 -0.6292 0.4613
vn 0.7140 -0.6828 0.1550
vn 0.7086 -0.6800 -0.1885
vn 0.6240 -0.6404 -0.4478
vn 0.4373 -0.5645 -0.7001
vn 0.2709 -0.5030 -0.8207
vn 0.5177 -0.5548 -0.6513
vn 0.6252 -0.5495 -0.5543
vn 0.6200 -0.5505 -0.5590
vn 0.4082 -0.5801 -0.7049
vn 0.2066 0.9780 -0.0297
vn 0.4988 -0.5477 0.6717
vn 0.4714 -0.5411 0.6964
vn 0.6431 0.4994 -0.5804
vn 0.4394 0.4158 -0.7962
vn 0.5056 0.5901 -0.6294
vn 0.8280 0.0921 -0.5531
vn 0.4533 0.0617 -0.8892
vn 0.8081 -0.3936 -0.4381
vn 0.4672 -0.4149 -0.7808
vn 0.9698 0.0762 -0.2315
vn 0.9039 -0.3413 -0.2578
vn 0.9934 0.0980 -0.0592
vn 0.9782 -0.1926 -0.0773
vn 0.8956 -0.4333 -0.1008
vn 0.9804 -0.1670 0.1046
vn 0.8887 -0.3927 0.2365
vn 0.9716 -0.1787 0.1550
vn 0.9953 0.0903 -0.0356
vn 0.9661 0.2411 0.0925
vn 0.8900 0.4558 0.0070
vn 0.8813 0.4313 -0.1928
vn 0.7617 0.5867 -0.2749
vn 0.7907 0.6098 0.0536
vn 0.5771 0.7445 -0.3356
vn 0.5782 0.8155 0.0245
vn 0.4090 0.8392 -0.3583
vn 0.4189 0.9077 0.0241
vn 0.1649 0.9254 -0.3413
vn 0.1630 0.9860 -0.0341
vn 0.2056 0.9517 0.2280
vn -0.1862 0.9578 0.2189
vn -0.1630 0.9860 -0.0341
vn 0.1894 0.8981 0.3968
vn -0.1771 0.8965 0.4060
vn -0.1875 0.7198 0.6684
vn 0.1826 0.7289 0.6598
vn 0.1839 0.5689 0.8015
vn -0.1941 0.5591 0.8060
vn -0.1627 0.3438 0.9248
vn 0.1558 0.3470 0.9248
vn 0.1488 0.0377 0.9881
vn -0.1622 0.0345 0.9861
vn 0.1660 -0.2310 0.9587
vn -0.1858 -0.2237 0.9568
vn -0.1755 -0.4164 0.8921
vn 0.1744 -0.4166 0.8921
vn 0.1881 -0.6627 0.7248
vn -0.1815 -0.6671 0.7224
vn -0.1872 -0.7968 0.5744
vn 0.2058 -0.7829 0.5871
vn 0.1621 -0.9211 0.3539
vn -0.1621 -0.9211 0.3539
vn -0.1621 -0.9861 0.0362
vn 0.1621 -0.9861 0.0362
vn -0.2058 -0.9506 -0.2324
vn 0.2058 -0.9506 -0.2324
vn 0.1882 -0.8941 -0.4064
vn -0.1882 -0.8941 -0.4064
vn -0.1815 -0.7226 -0.6669
vn 0.1607 -0.7577 -0.6324
vn 0.1354 -0.6231 -0.7703
vn -0.1871 -0.5749 -0.7965
vn -0.1622 -0.3549 -0.9207
vn 0.0909 -0.3500 -0.9323
vn -0.1624 -0.0389 -0.9859
vn 0.1080 -0.0324 -0.9936
vn 0.1583 0.2336 -0.9593
vn -0.2060 0.2271 -0.9518
vn -0.1908 0.3963 -0.8980
vn 0.1787 0.4055 -0.8964
vn 0.1967 0.6546 -0.7299
vn -0.1903 0.6616 -0.7253
vn -0.1967 0.8013 -0.5650
vn 0.2152 0.7852 -0.5806
vn -0.1649 0.9254 -0.3413
vn -0.4232 0.8278 -0.3684
vn -0.4042 0.9146 0.0042
vn -0.5823 0.7388 -0.3392
vn -0.5749 0.8180 0.0173
vn -0.7912 0.5390 -0.2887
vn -0.8002 0.5962 0.0638
vn -0.9020 0.3498 -0.2530
vn -0.9059 0.4112 0.1013
vn -0.7108 0.3863 -0.5877
vn -0.7989 0.0618 -0.5982
vn -0.9005 0.1015 -0.4228
vn -0.7942 -0.3008 -0.5278
vn -0.8893 -0.2815 -0.3603
vn -0.7104 -0.5874 -0.3876
vn -0.7999 -0.5967 -0.0643
vn -0.8993 -0.4242 -0.1063
vn -0.5868 -0.3309 -0.7389
vn -0.4985 -0.6309 -0.5945
vn -0.4960 -0.7977 -0.3430
vn -0.7906 -0.5395 0.2894
vn -0.8945 -0.3629 0.2610
vn -0.5774 -0.8160 -0.0251
vn -0.5867 -0.7393 0.3303
vn -0.7091 -0.3884 0.5885
vn -0.4985 -0.5947 0.6307
vn -0.4182 -0.9080 -0.0242
vn -0.4108 -0.8372 0.3609
vn -0.7985 -0.0631 0.5986
vn -0.8965 -0.1017 0.4312
vn -0.7951 0.2993 0.5275
vn -0.8873 0.2856 0.3619
vn -0.5812 0.3386 0.7400
vn -0.5745 -0.0188 0.8182
vn -0.4035 -0.0053 0.9149
vn -0.4206 0.3702 0.8282
vn -0.9774 0.1700 0.1251
vn -0.9771 -0.1168 0.1776
vn -0.9756 0.1132 -0.1880
vn -0.9778 -0.1716 -0.1205
vn -0.4988 -0.3463 0.7945
vn -0.5780 0.0230 -0.8157
vn -0.4183 0.0213 -0.9080
vn -0.4109 -0.3617 -0.8368
vn -0.5001 0.3366 -0.7978
vn -0.5059 0.5895 -0.6296
vn -0.7132 0.5858 0.3848
vn -0.5018 0.7957 0.3390
vn -0.5046 0.6294 0.5909
vn 0.2289 0.0463 -0.9723
vn 0.1314 -0.3115 -0.9411
vn 0.4984 -0.6865 -0.5293
vn 0.4960 -0.7977 -0.3430
vn 0.7183 -0.6056 -0.3424
vn 0.7906 -0.6099 -0.0543
vn 0.5774 -0.8160 -0.0251
vn 0.7812 -0.5552 0.2852
vn 0.5718 -0.7470 0.3392
vn 0.6811 -0.4479 0.5791
vn 0.4978 -0.5973 0.6288
vn 0.4654 -0.3918 0.7936
vn 0.8299 -0.1979 0.5216
vn 0.4415 -0.0642 0.8949
vn 0.8238 0.3248 0.4646
vn 0.4072 0.3668 0.8365
vn 0.6274 0.6959 0.3495
vn 0.4373 0.6863 0.5812
vn 0.4991 0.7988 0.3358
vn 0.2404 0.3187 0.9168
vn 0.2757 0.0022 0.9612
vn 0.4008 -0.8402 0.3651
vn 0.4182 -0.9080 -0.0242
vn -0.0646 -0.3039 -0.9505
vn 0.0036 -0.5085 -0.8610
vn -0.1283 -0.5563 -0.8209
vn -0.1921 -0.3686 -0.9095
vn -0.3454 -0.3640 -0.8650
vn -0.2828 -0.6624 -0.6937
vn -0.4230 -0.6596 -0.6213
vn -0.4791 -0.4756 -0.7377
vn -0.5944 -0.5203 -0.6131
vn -0.5934 -0.1787 -0.7848
vn -0.4943 -0.2533 -0.8316
vn -0.7110 -0.4566 -0.5348
vn -0.6846 -0.1965 -0.7019
vn -0.8629 -0.2773 -0.4224
vn -0.7500 -0.6109 -0.2534
vn -0.9204 -0.3668 -0.1352
vn -0.9954 -0.0478 -0.0825
vn -0.9153 -0.0509 -0.3994
vn -0.9540 0.2769 -0.1145
vn -0.8618 0.1943 -0.4685
vn -0.7871 0.3267 -0.5232
vn -0.8512 0.5123 -0.1144
vn -0.6412 0.0489 -0.7658
vn -0.7290 0.0144 -0.6843
vn -0.6532 0.3230 -0.6848
vn -0.5861 0.1567 -0.7949
vn -0.5099 0.3048 -0.8044
vn -0.7037 0.5239 -0.4799
vn -0.5795 0.6359 -0.5097
vn -0.3320 0.6168 -0.7136
vn -0.3223 0.4257 -0.8455
vn 0.0164 0.6355 -0.7719
vn 0.5304 0.5321 -0.6600
vn 0.5234 0.4310 -0.7350
vn -0.0298 0.4564 -0.8892
vn -0.1529 0.0107 -0.9882
vn 0.4898 0.1831 -0.8524
vn 0.5087 0.0834 -0.8569
vn -0.1022 -0.1351 -0.9855
vn -0.4489 -0.0902 -0.8890
vn -0.2920 -0.0414 -0.9555
vn -0.2310 -0.1862 -0.9550
vn -0.4960 0.0290 -0.8678
vn -0.3453 0.1027 -0.9329
vn -0.1428 0.1460 -0.9789
vn 0.4730 0.2579 -0.8424
vn -0.0799 0.2767 -0.9576
vn 0.5142 0.3272 -0.7927
vn -0.1483 0.9666 -0.2089
vn -0.0930 0.8513 -0.5163
vn -0.3430 0.8208 -0.4566
vn -0.3596 0.9256 -0.1182
vn -0.5863 0.8053 -0.0880
vn -0.3295 0.9421 0.0624
vn -0.5280 0.8371 0.1428
vn -0.7299 0.6782 -0.0846
vn -0.6665 0.7235 0.1795
vn -0.8273 0.5328 0.1778
vn -0.6516 0.7277 0.2141
vn -0.5201 0.8395 0.1572
vn -0.6571 0.7199 0.2236
vn -0.5348 0.8288 0.1642
vn -0.8059 0.5305 0.2627
vn -0.8035 0.5263 0.2781
vn -0.9067 0.3157 0.2796
vn -0.8965 0.3123 0.3142
vn -0.9654 -0.0172 0.2601
vn -0.9413 -0.0218 0.3369
vn -0.8773 -0.4365 0.1996
vn -0.8458 -0.4416 0.2992
vn -0.6878 -0.7154 0.1229
vn -0.6532 -0.7216 0.2289
vn -0.5138 -0.8547 0.0735
vn -0.4857 -0.8596 0.1584
vn -0.2976 -0.9544 0.0212
vn -0.2824 -0.9567 0.0698
vn -0.1299 -0.9910 -0.0331
vn -0.1147 -0.9933 0.0148
vn 0.0880 -0.9909 -0.1018
vn 0.0992 -0.9935 -0.0548
vn 0.2159 -0.9621 -0.1664
vn 0.7960 -0.5028 -0.3371
vn 0.8176 -0.5076 -0.2715
vn 0.2426 -0.9666 -0.0818
vn -0.1989 0.9793 0.0367
vn -0.2031 0.9789 0.0216
vn -0.3563 0.9304 0.0857
vn -0.3479 0.9343 0.0780
vn -0.1595 0.9866 -0.0348
vn -0.2979 0.9512 0.0799
vn -0.5618 0.8036 0.1964
vn -0.2852 0.9227 0.2592
vn -0.5290 0.7267 0.4382
vn -0.6638 0.6977 0.2695
vn -0.5922 0.6093 0.5273
vn -0.3596 0.4038 0.8412
vn -0.3243 0.4732 0.8191
vn -0.6407 0.4545 0.6188
vn -0.3670 0.2257 0.9024
vn -0.7149 0.2229 0.6627
vn -0.4407 0.1064 0.8913
vn -0.7678 -0.0918 0.6341
vn -0.5207 -0.1252 0.8445
vn -0.8580 0.2961 0.4196
vn -0.8920 -0.0520 0.4490
vn -0.7919 -0.4350 0.4285
vn -0.6804 -0.4083 0.6086
vn -0.6036 -0.7038 0.3746
vn -0.4781 -0.6524 0.5880
vn -0.4150 -0.8622 0.2905
vn -0.2853 -0.7870 0.5469
vn -0.2407 -0.9443 0.2243
vn -0.1367 -0.8583 0.4946
vn -0.0660 -0.9835 0.1685
vn 0.0471 -0.9023 0.4285
vn 0.1488 -0.9858 0.0770
vn 0.2303 -0.9212 0.3137
vn 0.3140 -0.9479 0.0531
vn 0.8529 -0.4968 -0.1606
vn 0.8871 -0.4612 -0.0193
vn 0.3736 -0.8937 0.2482
vn 0.8972 -0.4025 0.1818
vn 0.3712 -0.7871 0.4926
vn 0.4479 0.1580 0.8800
vn 0.3703 0.3755 0.8496
vn -0.0005 0.3718 0.9283
vn 0.1545 0.1421 0.9777
vn 0.5504 0.3499 0.7580
vn 0.9052 0.3374 0.2584
vn 0.8785 0.4195 0.2286
vn 0.6317 0.6516 0.4198
vn -0.1710 0.7597 0.6273
vn 0.5585 0.0723 0.8263
vn 0.9255 0.2062 0.3177
vn 0.9158 0.2670 0.3001
vn 0.5717 0.1784 0.8008
vn 0.2733 0.0211 0.9617
vn -0.0083 0.1222 0.9925
vn 0.0879 -0.0822 0.9927
vn 0.2936 -0.0571 0.9542
vn -0.0536 0.0203 0.9984
vn -0.1005 -0.0581 0.9932
vn 0.1073 -0.1833 0.9772
vn -0.0414 -0.2745 0.9607
vn 0.0686 -0.3515 0.9337
vn 0.2934 -0.1855 0.9378
vn 0.2033 -0.4471 0.8710
vn 0.3578 -0.2957 0.8857
vn 0.4610 -0.2451 0.8528
vn 0.4319 -0.1313 0.8923
vn 0.4581 -0.0237 0.8886
vn 0.4344 -0.3652 0.8233
vn 0.3453 -0.4469 0.8252
vn 0.3492 -0.5508 0.7580
vn 0.8968 -0.2043 0.3923
vn 0.9177 -0.0354 0.3956
vn 0.4021 -0.3304 0.8539
vn 0.1502 -0.7198 0.6777
vn 0.2995 -0.6254 0.7205
vn 0.0389 -0.5396 0.8410
vn 0.0015 -0.7107 0.7035
vn -0.1327 -0.5841 0.8007
vn 0.2777 -0.7994 0.5328
vn -0.1637 -0.2887 0.9433
vn -0.2775 -0.5239 0.8053
vn -0.4668 -0.3464 0.8137
vn -0.2110 -0.0847 0.9738
vn -0.2005 0.1920 0.9607
vn 0.4825 0.0525 0.8743
vn 0.1634 0.8056 0.5695
vn 0.0152 0.9829 0.1832
vn -0.2386 0.8849 0.4000
vn 0.3722 -0.7876 0.4911
vn 0.3758 -0.5766 0.7254
vn -0.7782 0.5119 0.3638
vn 0.2031 -0.9317 -0.3012
vn 0.7562 -0.4978 -0.4246
vn 0.1629 -0.8518 -0.4978
vn 0.7052 -0.4418 -0.5545
vn -0.2302 -0.8636 -0.4484
vn 0.0044 -0.8801 -0.4748
vn 0.0596 -0.9698 -0.2363
vn -0.1780 -0.9665 -0.1847
vn -0.0522 -0.7319 -0.6793
vn 0.0958 -0.7074 -0.7002
vn 0.6536 -0.3281 -0.6820
vn -0.5315 -0.8438 -0.0737
vn -0.3520 -0.9273 -0.1271
vn -0.5708 -0.7466 -0.3416
vn -0.4186 -0.8195 -0.3913
vn -0.7306 -0.6825 -0.0210
vn -0.9076 -0.4147 0.0660
vn -0.9334 0.3160 0.1700
vn -0.9897 -0.0334 0.1392
vn -0.0725 0.6422 -0.7631
vn -0.0967 0.4488 -0.8884
vn -0.1371 0.2618 -0.9553
vn -0.3116 0.2433 -0.9185
vn 0.0024 -0.5053 -0.8629
vn 0.5788 -0.1768 -0.7961
vn 0.5340 -0.0314 -0.8449
vn -0.0625 -0.2936 -0.9539
vn -0.1147 -0.1408 -0.9833
vn 0.0952 -0.7068 -0.7010
vn -0.0141 0.8289 -0.5592
vn 0.0059 0.9954 -0.0956
vn -0.0745 0.9605 -0.2679
vn 0.2358 -0.9677 -0.0886
vn 0.2965 -0.9543 0.0363
vn 0.1650 -0.8547 -0.4921
vn 0.2083 -0.9352 -0.2863
vn 0.2195 -0.9631 -0.1556
vn 0.5097 0.8445 -0.1642
vn 0.1941 0.9745 -0.1128
vn -0.1376 0.9897 0.0391
vn 0.5108 0.0053 0.8597
vn 0.4658 -0.2381 0.8522
vn 0.4670 -0.1092 0.8775
vn 0.3596 -0.9006 0.2442
vn -0.0484 0.9975 -0.0507
vn -0.1989 0.1256 -0.9719
vn -0.1832 0.0014 -0.9831
vn 0.5104 0.7788 -0.3646
vn 0.5221 0.6634 -0.5360
vn 0.5356 0.8054 -0.2539
vn 0.5980 0.7628 -0.2458
vn 0.6150 0.7456 -0.2565
vn 0.9155 0.0079 0.4022
vn 0.9122 0.1150 0.3932
vn 0.9073 0.1733 0.3830
vn 0.5195 0.8411 -0.1504
vn 0.5659 0.8220 -0.0643
vn -0.0811 0.9941 0.0714
vn 0.4744 -0.2779 -0.8353
vn 0.4928 -0.4726 -0.7306
vn 0.3556 -0.5284 -0.7709
vn 0.3430 -0.3491 -0.8720
vn 0.1853 -0.3550 -0.9163
vn 0.1495 -0.6434 -0.7508
vn -0.0136 -0.6453 -0.7638
vn 0.0026 -0.4694 -0.8830
vn -0.1684 -0.5181 -0.8386
vn -0.0720 -0.1993 -0.9773
vn 0.0378 -0.2605 -0.9647
vn -0.3085 -0.4607 -0.8321
vn -0.1967 -0.2215 -0.9551
vn -0.4947 -0.3040 -0.8141
vn -0.4930 -0.6110 -0.6194
vn -0.6956 -0.3890 -0.6040
vn -0.7916 -0.1051 -0.6019
vn -0.5526 -0.1072 -0.8265
vn -0.7587 0.1857 -0.6243
vn -0.4799 0.1082 -0.8706
vn -0.4007 0.2249 -0.8881
vn -0.7053 0.4065 -0.5807
vn -0.1256 -0.0062 -0.9921
vn -0.2454 -0.0408 -0.9685
vn -0.2009 0.2148 -0.9557
vn -0.0692 0.0801 -0.9944
vn -0.0212 0.1674 -0.9857
vn -0.3862 0.3935 -0.8342
vn -0.3758 0.4690 -0.7992
vn -0.0397 0.4866 -0.8727
vn 0.1639 0.2098 -0.9639
vn 0.5789 0.5020 -0.6425
vn 0.8492 0.4393 -0.2931
vn 0.8754 0.3520 -0.3312
vn 0.5355 0.2918 -0.7925
vn 0.4168 0.0010 -0.9090
vn 0.8716 0.2008 -0.4471
vn 0.8896 0.1153 -0.4419
vn 0.4577 -0.1233 -0.8805
vn 0.1049 -0.1105 -0.9883
vn 0.2787 -0.0563 -0.9587
vn 0.3312 -0.1794 -0.9263
vn 0.0538 -0.0188 -0.9984
vn 0.2234 0.0516 -0.9733
vn 0.4250 0.1081 -0.8987
vn 0.8577 0.2584 -0.4444
vn 0.4767 0.1936 -0.8574
vn 0.8723 0.3017 -0.3847
vn -0.1366 0.9890 -0.0565
vn 0.1333 0.9137 -0.3838
vn -0.2785 0.7906 -0.5453
vn -0.4321 0.8824 -0.1862
vn -0.5976 0.7039 -0.3837
vn -0.4279 0.9038 -0.0057
vn -0.6310 0.7667 -0.1182
vn -0.6585 0.5694 -0.4920
vn -0.7433 0.6379 -0.2013
vn -0.8470 0.4358 -0.3043
vn -0.7385 0.6585 -0.1452
vn -0.6056 0.7917 -0.0799
vn -0.7350 0.6648 -0.1333
vn -0.5960 0.8000 -0.0695
vn -0.8713 0.4426 -0.2118
vn -0.8729 0.4465 -0.1965
vn -0.9371 0.2335 -0.2593
vn -0.9452 0.2354 -0.2261
vn -0.9504 -0.0704 -0.3030
vn -0.9708 -0.0722 -0.2287
vn -0.8392 -0.4507 -0.3042
vn -0.8667 -0.4542 -0.2062
vn -0.6497 -0.7107 -0.2695
vn -0.6790 -0.7162 -0.1612
vn -0.4827 -0.8481 -0.2183
vn -0.5058 -0.8527 -0.1302
vn -0.2685 -0.9523 -0.1445
vn -0.2828 -0.9546 -0.0928
vn -0.0877 -0.9914 -0.0967
vn -0.1019 -0.9937 -0.0450
vn 0.1533 -0.9877 -0.0310
vn 0.1357 -0.9906 0.0181
vn 0.3092 -0.9509 -0.0141
vn 0.8702 -0.4692 0.1502
vn 0.8525 -0.4758 0.2163
vn 0.2778 -0.9580 0.0713
vn -0.2435 0.9651 0.0958
vn -0.2508 0.9659 0.0635
vn -0.4281 0.9037 0.0041
vn -0.3847 0.9228 0.0214
vn -0.1996 0.9787 0.0475
vn -0.2952 0.9521 0.0803
vn -0.6075 0.7924 -0.0547
vn -0.3066 0.9175 0.2532
vn -0.6542 0.7354 0.1767
vn -0.7482 0.6558 -0.1005
vn -0.7927 0.5879 0.1608
vn -0.7329 0.4132 0.5405
vn -0.6099 0.5339 0.5856
vn -0.8977 0.4053 0.1726
vn -0.8024 0.2106 0.5584
vn -0.9716 0.1732 0.1608
vn -0.8621 0.0804 0.5003
vn -0.9864 -0.1257 0.1057
vn -0.8978 -0.1449 0.4159
vn -0.9663 0.2279 -0.1196
vn -0.9890 -0.0964 -0.1122
vn -0.8921 -0.4460 -0.0720
vn -0.8987 -0.4168 0.1359
vn -0.7160 -0.6980 -0.0112
vn -0.7268 -0.6444 0.2378
vn -0.5188 -0.8546 0.0224
vn -0.5490 -0.7746 0.3140
vn -0.3336 -0.9403 0.0671
vn -0.3930 -0.8466 0.3587
vn -0.1465 -0.9820 0.1195
vn -0.1946 -0.8904 0.4115
vn 0.1014 -0.9813 0.1633
vn 0.0349 -0.9053 0.4232
vn 0.2497 -0.9440 0.2154
vn 0.8168 -0.4811 0.3184
vn 0.7611 -0.4432 0.4736
vn 0.1855 -0.8816 0.4339
vn 0.6895 -0.3494 0.6344
vn 0.0950 -0.7471 0.6579
vn -0.0588 0.3617 0.9304
vn -0.0389 0.5427 0.8390
vn -0.3404 0.5089 0.7906
vn -0.3210 0.3147 0.8932
vn 0.0607 0.5365 0.8417
vn 0.5962 0.4788 0.6443
vn 0.5922 0.5306 0.6063
vn 0.3453 0.6860 0.6404
vn -0.3115 0.7844 0.5363
vn 0.0100 0.2136 0.9769
vn 0.5780 0.3113 0.7543
vn 0.5744 0.4079 0.7096
vn 0.0386 0.3807 0.9239
vn -0.2717 0.1481 0.9509
vn -0.4965 0.2034 0.8438
vn -0.4592 -0.0420 0.8873
vn -0.2677 0.0083 0.9634
vn -0.5708 0.0512 0.8195
vn -0.6232 -0.0486 0.7805
vn -0.4421 -0.1576 0.8830
vn -0.5593 -0.2593 0.7873
vn -0.4536 -0.3306 0.8276
vn -0.2630 -0.1490 0.9532
vn -0.3041 -0.4184 0.8558
vn -0.1805 -0.2605 0.9484
vn -0.0702 -0.2041 0.9764
vn -0.1241 -0.0850 0.9886
vn -0.1017 0.0559 0.9932
vn -0.0366 -0.3335 0.9420
vn -0.1443 -0.4143 0.8986
vn -0.0070 -0.5300 0.8479
vn 0.6055 -0.1778 0.7757
vn 0.5800 -0.0131 0.8145
vn -0.0511 -0.3151 0.9477
vn -0.2440 -0.6941 0.6772
vn -0.1069 -0.5905 0.7999
vn -0.4285 -0.5176 0.7405
vn -0.3882 -0.6889 0.6121
vn -0.5556 -0.5672 0.6079
vn -0.0346 -0.7661 0.6417
vn -0.6550 -0.2800 0.7018
vn -0.6776 -0.5112 0.5286
vn -0.8357 -0.3492 0.4238
vn -0.7109 -0.0876 0.6978
vn -0.6667 0.2169 0.7130
vn -0.0623 0.1939 0.9790
vn -0.0284 0.7992 0.6003
vn -0.0261 0.9228 0.3843
vn -0.2874 0.8722 0.3959
vn 0.0940 -0.7458 0.6595
vn 0.0036 -0.5399 0.8417
vn -0.8893 0.4424 -0.1158
vn 0.3755 -0.9157 -0.1432
vn 0.8858 -0.4615 0.0485
vn 0.4487 -0.8262 -0.3407
vn 0.9121 -0.3987 -0.0951
vn 0.0613 -0.8534 -0.5176
vn 0.2916 -0.8643 -0.4097
vn 0.2062 -0.9640 -0.1681
vn -0.0427 -0.9651 -0.2582
vn 0.3505 -0.7054 -0.6160
vn 0.4950 -0.6719 -0.5508
vn 0.9320 -0.2786 -0.2318
vn -0.4152 -0.8379 -0.3543
vn -0.2310 -0.9238 -0.3053
vn -0.2985 -0.7393 -0.6035
vn -0.1383 -0.8110 -0.5684
vn -0.6054 -0.6801 -0.4135
vn -0.7927 -0.4320 -0.4301
vn -0.9017 0.2288 -0.3667
vn -0.9059 -0.0883 -0.4142
vn 0.4069 0.5273 -0.7459
vn 0.4480 0.2595 -0.8556
vn 0.4222 0.1700 -0.8904
vn 0.2447 0.1318 -0.9606
vn 0.4927 -0.4696 -0.7326
vn 0.9231 -0.1267 -0.3630
vn 0.9068 0.0108 -0.4213
vn 0.4779 -0.2680 -0.8365
vn 0.4457 -0.1295 -0.8857
vn 0.4948 -0.6713 -0.5517
vn 0.3672 0.8706 -0.3274
vn 0.0073 0.9962 0.0861
vn 0.0500 0.9972 -0.0550
vn 0.2793 -0.9579 0.0663
vn 0.2526 -0.9452 0.2066
vn 0.4476 -0.8293 -0.3345
vn 0.3717 -0.9196 -0.1267
vn 0.3061 -0.9520 -0.0022
vn 0.4648 0.8409 0.2772
vn 0.1581 0.9753 0.1542
vn -0.1702 0.9706 0.1701
vn -0.0479 0.0867 0.9951
vn -0.0584 -0.1974 0.9785
vn -0.0888 -0.0606 0.9942
vn 0.1858 -0.8820 0.4331
vn -0.0557 0.9947 0.0864
vn 0.3720 0.0841 -0.9244
vn 0.3877 -0.0098 -0.9217
vn 0.5996 0.7934 0.1050
vn 0.7219 0.6847 -0.0996
vn 0.5448 0.8218 0.1670
vn 0.6010 0.7744 0.1977
vn 0.6327 0.7463 0.2065
vn 0.5526 0.0608 0.8312
vn 0.5396 0.1736 0.8238
vn 0.5385 0.2481 0.8053
vn 0.4629 0.8266 0.3201
vn 0.4939 0.7814 0.3813
vn -0.1068 0.9571 0.2695
usemtl Material.001
s off
f 611/1/1 634/2/1 612/3/1
f 612/3/2 634/2/2 613/4/2
f 613/4/3 634/2/3 614/5/3
f 614/5/4 634/2/4 615/6/4
f 615/6/5 634/2/5 616/7/5
f 616/7/6 634/2/6 617/8/6
f 617/8/7 634/2/7 618/9/7
f 618/9/8 634/2/8 619/10/8
f 619/10/9 634/2/9 620/11/9
f 620/11/10 634/2/10 621/12/10
f 621/12/11 634/2/11 622/13/11
f 622/13/12 634/2/12 623/14/12
f 623/14/13 634/2/13 624/15/13
f 624/15/14 634/2/14 625/16/14
f 625/16/15 634/2/15 626/17/15
f 626/17/16 634/2/16 627/18/16
f 627/18/17 634/2/17 628/19/17
f 628/19/18 634/2/18 629/20/18
f 629/20/19 634/2/19 630/21/19
f 630/21/20 645/22/20 631/23/20
f 631/23/21 645/22/21 644/24/21 632/25/21
f 632/25/22 644/24/22 634/2/22 633/26/22
f 633/26/23 634/2/23 635/27/23
f 635/27/24 634/2/24 636/28/24
f 636/28/25 634/2/25 637/29/25
f 637/29/26 634/2/26 638/30/26
f 638/30/27 634/2/27 639/31/27
f 639/31/28 634/2/28 640/32/28
f 640/32/29 634/2/29 641/33/29
f 641/33/30 634/2/30 642/34/30
f 642/34/31 634/2/31 643/35/31
f 643/35/32 634/2/32 611/1/32
f 611/36/33 612/37/33 613/38/33 614/39/33 615/40/33 616/41/33 617/42/33 618/43/33 619/44/33 620/45/33 621/46/33 622/47/33 623/48/33 624/49/33 625/50/33 626/51/33 627/52/33 628/53/33 629/54/33 630/55/33 631/56/33 632/57/33 633/58/33 635/59/33 636/60/33 637/61/33 638/62/33 639/63/33 640/64/33 641/65/33 642/66/33 643/67/33
f 645/22/34 630/21/34 634/2/34
f 644/24/35 645/22/35 634/2/35
s 1
f 3/68/36 2/69/37 1/70/38
f 2/69/37 3/68/36 5/71/39 4/72/40
f 4/72/40 5/71/39 7/73/41 6/74/42
f 7/73/41 5/71/39 9/75/43 8/76/44
f 9/75/43 11/77/45 10/78/46 8/76/44
f 8/76/44 10/78/46 12/79/47
f 12/79/47 10/78/46 14/80/48 13/81/49
f 14/80/48 15/82/50 13/81/49
f 14/80/48 17/83/51 16/84/52 15/82/50
f 16/84/52 17/83/51 18/85/53
f 17/83/51 11/77/45 19/86/54 18/85/53
f 19/86/54 21/87/55 20/88/56 18/85/53
f 20/88/56 21/87/55 23/89/57 22/90/58
f 23/89/57 25/91/59 24/92/60 22/90/58
f 24/92/60 25/91/59 27/93/61 26/94/62
f 28/95/63 24/92/60 26/94/62
f 30/96/64 28/95/63 26/94/62 29/97/65
f 32/98/66 28/95/63 30/96/64 31/99/67
f 34/100/68 33/101/69 32/102/66 31/103/67
f 36/104/70 33/101/69 34/100/68 35/105/71
f 38/106/72 37/107/73 36/104/70 35/105/71
f 40/108/74 37/109/73 38/110/72 39/111/75
f 42/112/76 40/108/74 39/111/75 41/113/77
f 44/114/78 43/115/79 42/112/76 41/113/77
f 46/116/80 43/115/79 44/114/78 45/117/81
f 48/118/82 47/119/83 46/116/80 45/117/81
f 50/120/84 47/119/83 48/118/82 49/121/85
f 52/122/86 51/123/87 50/120/84 49/121/85
f 54/124/88 53/125/89 51/123/87 52/122/86
f 56/126/90 53/125/89 54/124/88 55/127/91
f 58/128/92 57/129/93 56/126/90 55/127/91
f 60/130/94 57/129/93 58/128/92 59/131/95
f 62/132/96 61/133/97 60/130/94 59/131/95
f 64/134/98 63/135/99 61/133/97 62/132/96
f 66/136/100 63/135/99 64/134/98 65/137/101
f 68/138/102 67/139/103 66/136/100 65/137/101
f 70/140/104 67/141/103 68/142/102 69/143/105
f 72/144/106 71/145/107 70/140/104 69/143/105
f 27/146/61 71/145/107 72/144/106 73/147/108
f 72/148/106 74/149/109 73/150/108
f 73/150/108 74/149/109 75/151/110 29/97/65
f 75/151/110 74/149/109 77/152/111 76/153/112
f 77/152/111 79/154/113 78/155/114 76/153/112
f 78/155/114 79/154/113 81/156/115 80/157/116
f 84/158/117 83/159/118 82/160/119 81/156/115
f 79/154/113 84/158/117 81/156/115
f 82/160/119 83/159/118 86/161/120 85/162/121
f 86/161/120 89/163/122 88/164/123 87/165/124
f 85/162/121 86/161/120 87/165/124
f 89/163/122 86/161/120 91/166/125 90/167/126
f 89/163/122 90/167/126 92/168/127
f 87/165/124 88/164/123 94/169/128 93/170/129
f 94/169/128 88/164/123 96/171/130 95/172/131
f 98/173/132 94/169/128 95/172/131 97/174/133
f 96/171/130 100/175/134 99/176/135 95/172/131
f 98/173/132 102/177/136 101/178/137 93/170/129
f 94/169/128 98/173/132 93/170/129
f 102/177/136 104/179/138 103/180/139 101/178/137
f 106/181/140 104/179/138 102/177/136 105/182/141
f 108/183/142 107/184/143 106/181/140 105/182/141
f 103/180/139 110/185/144 109/186/145 101/178/137
f 110/185/144 103/180/139 80/157/116
f 110/185/144 112/187/146 111/188/147 109/186/145
f 105/182/141 102/177/136 98/173/132 113/189/148
f 101/178/137 109/186/145 93/170/129
f 109/186/145 111/188/147 87/165/124 93/170/129
f 111/188/147 85/162/121 87/165/124
f 86/161/120 83/159/118 114/190/149 91/166/125
f 114/190/149 116/191/150 115/192/151 91/166/125
f 111/188/147 112/187/146 82/160/119 85/162/121
f 83/159/118 84/158/117 117/193/152 114/190/149
f 117/193/152 84/158/117 118/194/153
f 104/179/138 119/195/154 78/155/114 80/157/116
f 103/180/139 104/179/138 80/157/116
f 81/156/115 112/187/146 110/185/144 80/157/116
f 118/194/153 84/158/117 79/154/113 77/152/111
f 76/153/112 78/155/114 119/195/154 120/196/155
f 119/195/154 121/197/156 120/196/155
f 64/134/98 116/191/150 65/137/101
f 63/135/99 123/198/157 122/199/158 61/133/97
f 115/192/151 116/191/150 64/134/98 62/132/96
f 61/133/97 122/199/158 60/130/94
f 115/192/151 62/132/96 59/131/95
f 57/129/93 125/200/159 124/201/160 56/126/90
f 125/200/159 126/202/161 124/201/160
f 124/201/160 126/202/161 128/203/162 127/204/163
f 127/204/163 128/203/162 130/205/164 129/206/165
f 129/206/165 130/205/164 132/207/166 131/208/167
f 132/207/166 133/209/168 131/208/167
f 132/207/166 135/210/169 134/211/170 133/209/168
f 135/210/169 137/212/171 136/213/172 134/211/170
f 137/212/171 139/214/173 138/215/174 136/213/172
f 138/215/174 139/214/173 140/216/175
f 136/213/172 142/217/176 141/218/177 134/211/170
f 144/219/178 143/220/179 127/204/163 129/206/165
f 90/167/126 58/128/92 55/127/91 92/168/127
f 127/204/163 143/220/179 53/125/89 56/126/90
f 124/201/160 127/204/163 56/126/90
f 55/127/91 54/124/88 100/175/134 96/171/130
f 92/168/127 55/127/91 96/171/130
f 100/175/134 54/124/88 52/122/86
f 51/123/87 143/220/179 144/219/178 50/120/84
f 99/176/135 100/175/134 52/122/86 49/121/85
f 144/219/178 47/119/83 50/120/84
f 48/118/82 99/176/135 49/121/85
f 144/219/178 129/206/165 131/208/167 46/116/80
f 47/119/83 144/219/178 46/116/80
f 99/176/135 48/118/82 45/117/81 97/174/133
f 95/172/131 99/176/135 97/174/133
f 45/117/81 44/114/78 113/189/148 97/174/133
f 133/209/168 134/211/170 141/218/177 42/112/76
f 43/115/79 133/209/168 42/112/76
f 41/113/77 108/183/142 105/182/141 113/189/148
f 44/114/78 41/113/77 113/189/148
f 141/218/177 40/108/74 42/112/76
f 39/111/75 108/183/142 41/113/77
f 141/218/177 142/217/176 37/109/73 40/108/74
f 38/110/72 107/184/143 108/183/142 39/111/75
f 107/184/143 38/110/72 35/221/71
f 136/222/172 138/223/174 33/101/69 36/104/70
f 142/224/176 136/222/172 36/104/70
f 35/221/71 34/225/68 121/197/156 106/181/140
f 107/184/143 35/221/71 106/181/140
f 33/101/69 138/223/174 140/226/175 32/102/66
f 121/197/156 34/225/68 31/99/67 120/196/155
f 75/151/110 30/96/64 29/97/65
f 26/94/62 27/93/61 73/150/108 29/97/65
f 25/227/59 23/228/57 1/229/38 70/140/104
f 71/145/107 25/227/59 70/140/104
f 16/84/52 137/212/171 135/210/169 15/82/50
f 130/205/164 128/203/162 12/79/47 13/81/49
f 10/78/46 11/77/45 17/83/51 14/80/48
f 122/199/158 123/198/157 4/72/40 6/74/42
f 5/71/39 3/68/36 21/87/55 19/86/54
f 9/75/43 5/71/39 19/86/54
f 2/69/37 4/72/40 123/198/157 66/136/100
f 67/139/103 2/69/37 66/136/100
f 6/74/42 7/73/41 126/202/161 125/200/159
f 21/87/55 3/68/36 1/70/38 23/89/57
f 11/77/45 9/75/43 19/86/54
f 126/202/161 7/73/41 8/76/44 12/79/47
f 128/203/162 126/202/161 12/79/47
f 139/214/173 20/88/56 22/90/58 140/216/175
f 139/214/173 137/212/171 16/84/52 18/85/53
f 20/88/56 139/214/173 18/85/53
f 135/210/169 132/207/166 130/205/164 13/81/49
f 15/82/50 135/210/169 13/81/49
f 1/229/38 2/230/37 67/141/103 70/140/104
f 123/198/157 63/135/99 66/136/100
f 6/74/42 125/200/159 57/129/93 60/130/94
f 122/199/158 6/74/42 60/130/94
f 25/227/59 71/145/107 27/146/61
f 53/125/89 143/220/179 51/123/87
f 22/90/58 24/92/60 28/95/63 32/98/66
f 140/216/175 22/90/58 32/98/66
f 37/107/73 142/224/176 36/104/70
f 131/208/167 133/209/168 43/115/79 46/116/80
f 69/231/105 68/138/102 117/193/152 118/194/153
f 68/138/102 65/137/101 116/191/150 114/190/149
f 117/193/152 68/138/102 114/190/149
f 115/192/151 59/131/95 58/128/92 90/167/126
f 91/166/125 115/192/151 90/167/126
f 72/148/106 69/231/105 118/194/153 77/152/111
f 74/149/109 72/148/106 77/152/111
f 82/160/119 112/187/146 81/156/115
f 88/164/123 89/163/122 92/168/127 96/171/130
f 30/96/64 75/151/110 76/153/112 120/196/155
f 31/99/67 30/96/64 120/196/155
f 121/197/156 119/195/154 104/179/138 106/181/140
f 113/189/148 98/173/132 97/174/133
f 311/232/180 312/233/181 148/234/182 147/235/183
f 150/236/184 147/235/183 148/234/182 149/237/185
f 152/238/186 151/239/187 150/236/184 149/237/185
f 151/239/187 152/238/186 153/240/188
f 155/241/189 154/242/190 151/239/187 153/240/188
f 157/243/191 156/244/192 155/241/189 153/240/188
f 156/244/192 157/243/191 158/245/193
f 158/245/193 157/243/191 160/246/194 159/247/195
f 162/248/196 161/249/197 158/245/193 159/247/195
f 164/250/198 163/251/199 161/249/197 162/248/196
f 166/252/200 163/251/199 164/250/198 165/253/201
f 168/254/202 167/255/203 163/251/199 166/252/200
f 170/256/204 169/257/205 168/254/202 166/252/200
f 169/257/205 170/256/204 171/258/206
f 171/258/206 170/256/204 173/259/207 172/260/208
f 175/261/209 174/262/210 171/258/206 172/260/208
f 341/263/211 177/264/212 176/265/213 342/266/214
f 357/267/215 178/268/216 179/269/217 358/270/218
f 182/271/219 181/272/220 180/273/221 150/236/184
f 154/242/190 182/271/219 150/236/184
f 184/274/222 183/275/223 181/272/220 182/271/219
f 168/254/202 184/274/222 182/271/219 155/241/189
f 343/276/224 185/277/225 178/268/216 357/267/215
f 359/278/226 186/279/227 185/277/225 343/276/224
f 319/280/228 320/281/229 191/282/230 190/283/231
f 190/283/231 191/282/230 172/284/208 192/285/232
f 194/286/233 190/283/231 192/285/232 193/287/234
f 192/285/232 196/288/235 195/289/236 193/287/234
f 195/290/236 196/291/235 165/253/201 197/292/237
f 193/287/234 195/289/236 199/293/238 198/294/239
f 198/294/239 199/293/238 201/295/240 200/296/241
f 201/295/240 199/293/238 203/297/242 202/298/243
f 203/297/242 205/299/244 204/300/245 202/298/243
f 204/301/245 205/302/244 207/303/246 206/304/247
f 206/304/247 207/303/246 209/305/248 208/306/249
f 209/305/248 211/307/250 210/308/251 208/306/249
f 210/308/251 211/307/250 213/309/252 212/310/253
f 213/309/252 215/311/254 214/312/255 212/310/253
f 214/312/255 215/311/254 217/313/256 216/314/257
f 217/313/256 219/315/258 218/316/259 216/314/257
f 344/317/260 221/318/261 220/319/262 345/320/263
f 323/321/264 324/322/265 225/323/266 224/324/267
f 324/322/265 325/325/268 194/286/233 225/323/266
f 227/326/269 224/324/267 200/296/241 228/327/270
f 230/328/271 227/326/269 228/327/270 229/329/272
f 228/327/270 232/330/273 231/331/274 229/329/272
f 229/329/272 231/331/274 234/332/275 233/333/276
f 234/332/275 231/331/274 236/334/277 235/335/278
f 236/334/277 238/336/279 237/337/280 235/335/278
f 237/337/280 238/336/279 240/338/281 239/339/282
f 238/336/279 242/340/283 241/341/284 240/338/281
f 240/342/281 241/343/284 244/344/285 243/345/286
f 244/344/285 246/346/287 245/347/288 243/345/286
f 245/347/288 246/346/287 248/348/289 247/349/290
f 248/348/289 250/350/291 249/351/292 247/349/290
f 249/351/292 250/350/291 252/352/293 251/353/294
f 252/352/293 254/354/295 253/355/296 251/353/294
f 347/356/297 256/357/298 255/358/299 348/359/300
f 348/359/300 255/358/299 258/360/301 349/361/302
f 329/362/303 330/363/304 262/364/305 261/365/306
f 365/366/307 260/367/308 264/368/309 350/369/310
f 262/364/305 263/370/311 233/333/276
f 366/371/312 265/372/313 259/373/314 364/374/315
f 266/375/316 261/365/306 267/376/317
f 269/377/318 268/378/319 266/375/316 267/376/317
f 270/379/320 269/377/318 267/376/317
f 269/377/318 270/379/320 271/380/321
f 273/381/322 269/377/318 271/380/321 272/382/323
f 274/383/324 273/381/322 272/382/323
f 276/384/325 273/381/322 274/383/324 275/385/326
f 277/386/327 276/384/325 275/385/326
f 333/387/328 334/388/329 276/384/325 277/386/327
f 334/388/329 335/389/330 268/378/319 276/384/325
f 336/390/331 333/387/328 277/386/327 282/391/332
f 368/392/333 283/393/334 281/394/335 367/395/336
f 285/396/337 284/397/338 282/398/332 275/399/326
f 287/400/339 286/401/340 285/396/337 275/399/326
f 286/401/340 287/400/339 288/402/341
f 257/403/342 284/397/338 285/396/337
f 282/391/332 277/386/327 275/385/326
f 274/383/324 287/404/339 275/385/326
f 288/405/341 287/404/339 274/383/324 272/382/323
f 290/406/343 289/407/344 288/405/341 272/382/323
f 289/407/344 290/406/343 291/408/345
f 290/406/343 292/409/346 239/339/282 291/408/345
f 271/380/321 292/409/346 290/406/343 272/382/323
f 276/384/325 268/378/319 269/377/318 273/381/322
f 293/410/347 270/379/320 267/376/317
f 335/389/330 332/411/348 266/375/316 268/378/319
f 331/412/349 375/413/350 377/414/351 263/370/311
f 328/415/352 337/416/353 284/397/338 257/403/342
f 251/353/294 253/355/296 257/403/342 285/396/337
f 286/401/340 249/351/292 251/353/294 285/396/337
f 247/349/290 249/351/292 286/401/340 288/402/341
f 289/417/344 245/347/288 247/349/290 288/402/341
f 243/345/286 245/347/288 289/417/344 291/418/345
f 292/409/346 237/337/280 239/339/282
f 294/419/354 242/340/283 238/336/279 236/334/277
f 235/335/278 237/337/280 292/409/346 271/380/321
f 270/379/320 293/410/347 235/335/278 271/380/321
f 293/410/347 234/332/275 235/335/278
f 233/333/276 234/332/275 293/410/347 267/376/317
f 261/365/306 262/364/305 233/333/276 267/376/317
f 263/370/311 377/414/351 230/328/271 229/329/272 233/333/276
f 369/420/355 295/421/356 221/318/261 344/317/260
f 370/422/357 297/423/358 295/421/356 369/420/355
f 300/424/359 298/425/360 296/426/361 299/427/362
f 149/237/185 301/428/363 298/425/360 300/424/359
f 354/429/364 302/430/365 297/423/358 370/422/357
f 345/320/263 220/319/262 256/357/298 347/356/297
f 299/427/362 296/426/361 219/315/258 217/313/256
f 216/314/257 218/316/259 254/354/295 252/352/293
f 304/431/366 303/432/367 215/311/254 213/309/252
f 306/433/368 305/434/369 303/432/367 304/431/366
f 307/435/370 160/246/194 306/433/368 304/431/366
f 212/310/253 214/312/255 250/350/291 248/348/289
f 211/307/250 307/435/370 304/431/366 213/309/252
f 246/346/287 210/308/251 212/310/253 248/348/289
f 308/436/371 307/435/370 211/307/250 209/305/248
f 208/306/249 210/308/251 246/346/287 244/344/285
f 241/343/284 206/304/247 208/306/249 244/344/285
f 205/302/244 310/437/372 309/438/373 207/303/246
f 242/439/283 204/301/245 206/304/247 241/343/284
f 197/292/237 310/437/372 205/302/244 203/440/242
f 202/298/243 204/300/245 242/340/283 294/419/354
f 232/330/273 201/295/240 202/298/243 294/419/354
f 224/324/267 225/323/266 198/294/239 200/296/241
f 200/296/241 201/295/240 232/330/273 228/327/270
f 225/323/266 194/286/233 193/287/234 198/294/239
f 325/325/268 319/280/228 190/283/231 194/286/233
f 320/281/229 313/441/374 175/442/209 191/282/230
f 314/443/375 318/444/376 187/445/377 174/262/210
f 191/282/230 175/442/209 172/284/208
f 174/262/210 187/445/377 171/258/206
f 172/260/208 173/259/207 196/291/235 192/446/232
f 183/275/223 184/274/222 169/257/205 171/258/206
f 187/445/377 183/275/223 171/258/206
f 173/259/207 170/256/204 166/252/200
f 169/257/205 184/274/222 168/254/202
f 165/253/201 164/250/198 310/437/372 197/292/237
f 163/251/199 167/255/203 161/249/197
f 310/437/372 164/250/198 162/248/196 309/438/373
f 309/438/373 162/248/196 159/247/195 308/436/371
f 159/247/195 160/246/194 307/435/370 308/436/371
f 156/244/192 167/255/203 168/254/202 155/241/189
f 182/271/219 154/242/190 155/241/189
f 160/246/194 157/243/191 153/240/188 306/433/368
f 153/240/188 152/238/186 305/434/369 306/433/368
f 151/239/187 154/242/190 150/236/184
f 148/234/182 301/428/363 149/237/185
f 180/273/221 147/235/183 150/236/184
f 305/434/369 152/238/186 149/237/185 300/424/359
f 356/447/378 146/448/379 302/430/365 354/429/364
f 358/270/218 179/269/217 145/449/380 355/450/381
f 196/291/235 173/259/207 166/252/200 165/253/201
f 161/249/197 167/255/203 156/244/192 158/245/193
f 303/432/367 305/434/369 300/424/359 299/427/362
f 199/451/238 195/290/236 197/292/237 203/440/242
f 207/303/246 309/438/373 308/436/371 209/305/248
f 215/311/254 303/432/367 299/427/362 217/313/256
f 231/331/274 232/330/273 294/419/354 236/334/277
f 239/339/282 240/338/281 243/452/286 291/408/345
f 250/350/291 214/312/255 216/314/257 252/352/293
f 180/273/221 316/453/382 311/232/180 147/235/183
f 148/234/182 312/233/181 340/454/383 301/428/363
f 342/266/214 359/278/226 318/444/376 314/443/375
f 361/455/384 341/456/211 313/441/374 320/281/229
f 346/457/385 360/458/386 319/280/228 325/325/268
f 218/316/259 322/459/387 326/460/388 254/354/295
f 301/428/363 340/454/383 339/461/389 298/425/360
f 298/425/360 339/461/389 338/462/390 296/426/361
f 296/426/361 338/462/390 321/463/391 219/315/258
f 349/361/302 368/464/333 337/416/353 328/415/352
f 374/465/392 362/466/393 323/321/264 373/467/394
f 353/468/395 366/371/312 332/411/348 335/389/330
f 284/469/338 337/470/353 336/390/331 282/391/332
f 367/395/336 351/471/396 333/387/328 336/390/331
f 352/472/397 353/468/395 335/389/330 334/388/329
f 351/471/396 352/472/397 334/388/329 333/387/328
f 266/375/316 332/411/348 329/362/303 261/365/306
f 262/364/305 330/363/304 331/412/349 263/370/311
f 364/374/315 365/366/307 330/363/304 329/362/303
f 253/355/296 327/473/398 328/415/352 257/403/342
f 254/354/295 326/460/388 327/473/398 253/355/296
f 363/474/399 346/457/385 325/325/268 324/322/265
f 362/466/393 363/474/399 324/322/265 323/321/264
f 219/315/258 321/463/391 322/459/387 218/316/259
f 360/458/386 361/455/384 320/281/229 319/280/228
f 187/445/377 318/444/376 317/475/400 183/275/223
f 183/275/223 317/475/400 315/476/401 181/272/220
f 181/272/220 315/476/401 316/453/382 180/273/221
f 175/261/209 313/477/374 314/443/375 174/262/210
f 355/450/381 356/447/378 312/233/181 311/232/180
f 145/449/380 146/448/379 356/447/378 355/450/381
f 188/478/402 189/479/403 361/455/384 360/458/386
f 222/480/404 223/481/405 363/474/399 362/466/393
f 223/481/405 226/482/406 346/457/385 363/474/399
f 259/373/314 260/367/308 365/366/307 364/374/315
f 279/483/407 278/484/408 352/472/397 351/471/396
f 278/484/408 280/485/409 353/468/395 352/472/397
f 281/394/335 279/483/407 351/471/396 367/395/336
f 280/485/409 265/372/313 366/371/312 353/468/395
f 255/358/299 256/357/298 220/319/262 221/318/261 295/421/356 297/423/358 302/430/365 146/448/379 145/449/380 179/269/217 178/268/216 185/277/225 186/279/227 176/265/213 177/264/212 189/486/403 188/487/402 226/488/406 223/489/405 222/490/404 362/491/393 374/492/392 372/493/410 376/494/411 350/495/310 264/496/309 260/497/308 259/498/314 265/499/313 280/500/409 278/501/408 279/502/407 281/503/335 283/504/334 258/360/301
f 258/360/301 283/504/334 368/464/333 349/361/302
f 226/482/406 188/478/402 360/458/386 346/457/385
f 189/479/403 177/505/212 341/456/211 361/455/384
f 176/265/213 186/279/227 359/278/226 342/266/214
f 316/453/382 358/270/218 355/450/381 311/232/180
f 312/233/181 356/447/378 354/429/364 340/454/383
f 322/459/387 345/320/263 347/356/297 326/460/388
f 340/454/383 354/429/364 370/422/357 339/461/389
f 339/461/389 370/422/357 369/420/355 338/462/390
f 338/462/390 369/420/355 344/317/260 321/463/391
f 337/470/353 368/392/333 367/395/336 336/390/331
f 332/411/348 366/371/312 364/374/315 329/362/303
f 330/363/304 365/366/307 350/369/310 331/412/349
f 327/473/398 348/359/300 349/361/302 328/415/352
f 326/460/388 347/356/297 348/359/300 327/473/398
f 321/463/391 344/317/260 345/320/263 322/459/387
f 318/444/376 359/278/226 343/276/224 317/475/400
f 317/475/400 343/276/224 357/267/215 315/476/401
f 315/476/401 357/267/215 358/270/218 316/453/382
f 313/477/374 341/263/211 342/266/214 314/443/375
f 376/506/411 372/507/410 371/508/412 375/413/350
f 372/507/410 374/465/392 373/467/394 371/508/412
f 350/369/310 376/506/411 375/413/350 331/412/349
f 230/328/271 371/508/412 373/467/394 227/326/269
f 227/326/269 373/467/394 323/321/264 224/324/267
f 377/414/351 375/413/350 371/508/412 230/328/271
f 544/509/413 545/510/414 381/511/415 380/512/416
f 383/513/417 380/514/416 381/515/415 382/516/418
f 385/517/419 384/518/420 383/513/417 382/516/418
f 384/518/420 385/517/419 386/519/421
f 388/520/422 387/521/423 384/522/420 386/523/421
f 390/524/424 389/525/425 388/520/422 386/523/421
f 389/525/425 390/524/424 391/526/426
f 391/527/426 390/528/424 393/529/427 392/530/428
f 395/531/429 394/532/430 391/526/426 392/533/428
f 397/534/431 396/535/432 394/532/430 395/531/429
f 399/536/433 396/535/432 397/534/431 398/537/434
f 401/538/435 400/539/436 396/535/432 399/536/433
f 403/540/437 402/541/438 401/538/435 399/536/433
f 402/541/438 403/540/437 404/542/439
f 404/542/439 403/540/437 406/543/440 405/544/441
f 408/545/442 407/546/443 404/542/439 405/544/441
f 574/547/444 410/548/445 409/549/446 575/550/447
f 590/551/448 411/552/449 412/553/450 591/554/451
f 415/555/452 414/556/453 413/557/454 383/558/417
f 387/521/423 415/555/452 383/558/417
f 417/559/455 416/560/456 414/556/453 415/555/452
f 401/538/435 417/559/455 415/555/452 388/520/422
f 576/561/457 418/562/458 411/552/449 590/551/448
f 592/563/459 419/564/460 418/562/458 576/561/457
f 552/565/461 553/566/462 424/567/463 423/568/464
f 423/568/464 424/567/463 405/544/441 425/569/465
f 427/570/466 423/568/464 425/569/465 426/571/467
f 425/569/465 429/572/468 428/573/469 426/571/467
f 428/573/469 429/572/468 398/537/434 430/574/470
f 426/571/467 428/573/469 432/575/471 431/576/472
f 431/576/472 432/575/471 434/577/473 433/578/474
f 434/577/473 432/575/471 436/579/475 435/580/476
f 436/579/475 438/581/477 437/582/478 435/580/476
f 437/583/478 438/584/477 440/585/479 439/586/480
f 439/586/480 440/585/479 442/587/481 441/588/482
f 442/587/481 444/589/483 443/590/484 441/588/482
f 443/590/484 444/589/483 446/591/485 445/592/486
f 446/591/485 448/593/487 447/594/488 445/592/486
f 447/594/488 448/593/487 450/595/489 449/596/490
f 450/595/489 452/597/491 451/598/492 449/596/490
f 577/599/493 454/600/494 453/601/495 578/602/496
f 556/603/497 557/604/498 458/605/499 457/606/500
f 557/604/498 558/607/501 427/570/466 458/605/499
f 460/608/502 457/606/500 433/578/474 461/609/503
f 463/610/504 460/608/502 461/609/503 462/611/505
f 461/609/503 465/612/506 464/613/507 462/611/505
f 462/614/505 464/615/507 467/616/508 466/617/509
f 467/616/508 464/615/507 469/618/510 468/619/511
f 469/618/510 471/620/512 470/621/513 468/619/511
f 470/621/513 471/620/512 473/622/514 472/623/515
f 471/620/512 475/624/516 474/625/517 473/622/514
f 473/622/514 474/625/517 477/626/518 476/627/519
f 477/626/518 479/628/520 478/629/521 476/627/519
f 478/629/521 479/628/520 481/630/522 480/631/523
f 481/630/522 483/632/524 482/633/525 480/631/523
f 482/633/525 483/632/524 485/634/526 484/635/527
f 485/634/526 487/636/528 486/637/529 484/635/527
f 580/638/530 489/639/531 488/640/532 581/641/533
f 581/641/533 488/640/532 491/642/534 582/643/535
f 562/644/536 563/645/537 495/646/538 494/647/539
f 598/648/540 493/649/541 497/650/542 583/651/543
f 495/652/538 496/653/544 466/654/509
f 599/655/545 498/656/546 492/657/547 597/658/548
f 499/659/549 494/647/539 500/660/550
f 502/661/551 501/662/552 499/659/549 500/660/550
f 503/663/553 502/661/551 500/660/550
f 502/661/551 503/663/553 504/664/554
f 506/665/555 502/661/551 504/664/554 505/666/556
f 507/667/557 506/665/555 505/666/556
f 509/668/558 506/665/555 507/667/557 508/669/559
f 510/670/560 509/668/558 508/669/559
f 566/671/561 567/672/562 509/668/558 510/670/560
f 567/672/562 568/673/563 501/662/552 509/668/558
f 569/674/564 566/671/561 510/670/560 515/675/565
f 601/676/566 516/677/567 514/678/568 600/679/569
f 518/680/570 517/681/571 515/675/565 508/669/559
f 520/682/572 519/683/573 518/680/570 508/669/559
f 519/683/573 520/682/572 521/684/574
f 490/685/575 517/681/571 518/680/570
f 515/675/565 510/670/560 508/669/559
f 507/667/557 520/682/572 508/669/559
f 521/684/574 520/682/572 507/667/557 505/666/556
f 523/686/576 522/687/577 521/684/574 505/666/556
f 522/687/577 523/686/576 524/688/578
f 523/686/576 525/689/579 472/623/515 524/688/578
f 504/664/554 525/689/579 523/686/576 505/666/556
f 509/668/558 501/662/552 502/661/551 506/665/555
f 526/690/580 503/663/553 500/660/550
f 568/673/563 565/691/581 499/659/549 501/662/552
f 564/692/582 608/693/583 610/694/584 496/653/544
f 561/695/585 570/696/586 517/681/571 490/685/575
f 484/635/527 486/637/529 490/685/575 518/680/570
f 519/683/573 482/633/525 484/635/527 518/680/570
f 480/631/523 482/633/525 519/683/573 521/684/574
f 522/687/577 478/629/521 480/631/523 521/684/574
f 476/627/519 478/629/521 522/687/577 524/688/578
f 525/689/579 470/621/513 472/623/515
f 527/697/587 475/624/516 471/620/512 469/618/510
f 468/619/511 470/621/513 525/689/579 504/664/554
f 503/663/553 526/690/580 468/619/511 504/664/554
f 526/690/580 467/616/508 468/619/511
f 466/617/509 467/616/508 526/690/580 500/660/550
f 494/647/539 495/646/538 466/617/509 500/660/550
f 496/653/544 610/694/584 463/610/504 462/611/505 466/654/509
f 602/698/588 528/699/589 454/600/494 577/599/493
f 603/700/590 530/701/591 528/699/589 602/698/588
f 533/702/592 531/703/593 529/704/594 532/705/595
f 382/516/418 534/706/596 531/703/593 533/702/592
f 587/707/597 535/708/598 530/701/591 603/700/590
f 578/602/496 453/601/495 489/639/531 580/638/530
f 532/705/595 529/704/594 452/597/491 450/595/489
f 449/596/490 451/598/492 487/636/528 485/634/526
f 537/709/599 536/710/600 448/593/487 446/591/485
f 539/711/601 538/712/602 536/710/600 537/709/599
f 540/713/603 393/529/427 539/711/601 537/709/599
f 445/592/486 447/594/488 483/632/524 481/630/522
f 444/589/483 540/713/603 537/709/599 446/591/485
f 479/628/520 443/590/484 445/592/486 481/630/522
f 541/714/604 540/713/603 444/589/483 442/587/481
f 441/588/482 443/590/484 479/628/520 477/626/518
f 474/625/517 439/586/480 441/588/482 477/626/518
f 438/581/477 543/715/605 542/716/606 440/717/479
f 475/624/516 437/583/478 439/586/480 474/625/517
f 430/574/470 543/715/605 438/581/477 436/579/475
f 435/718/476 437/583/478 475/624/516 527/697/587
f 465/719/506 434/720/473 435/718/476 527/697/587
f 457/606/500 458/605/499 431/576/472 433/578/474
f 433/578/474 434/577/473 465/612/506 461/609/503
f 458/605/499 427/570/466 426/571/467 431/576/472
f 558/607/501 552/565/461 423/568/464 427/570/466
f 553/566/462 546/721/607 408/545/442 424/567/463
f 547/722/608 551/723/609 420/724/610 407/546/443
f 424/567/463 408/545/442 405/544/441
f 407/546/443 420/724/610 404/542/439
f 405/544/441 406/543/440 429/572/468 425/569/465
f 416/560/456 417/559/455 402/541/438 404/542/439
f 420/724/610 416/560/456 404/542/439
f 406/543/440 403/540/437 399/536/433
f 402/541/438 417/559/455 401/538/435
f 398/537/434 397/534/431 543/715/605 430/574/470
f 396/535/432 400/539/436 394/532/430
f 543/715/605 397/534/431 395/531/429 542/716/606
f 542/725/606 395/726/429 392/530/428 541/714/604
f 392/530/428 393/529/427 540/713/603 541/714/604
f 389/525/425 400/539/436 401/538/435 388/520/422
f 415/555/452 387/521/423 388/520/422
f 393/529/427 390/528/424 386/519/421 539/711/601
f 386/519/421 385/517/419 538/712/602 539/711/601
f 384/522/420 387/521/423 383/558/417
f 381/515/415 534/706/596 382/516/418
f 413/557/454 380/512/416 383/558/417
f 538/712/602 385/517/419 382/516/418 533/702/592
f 589/727/611 379/728/612 535/708/598 587/707/597
f 591/554/451 412/553/450 378/729/613 588/730/614
f 429/572/468 406/543/440 399/536/433 398/537/434
f 394/532/430 400/539/436 389/525/425 391/526/426
f 536/710/600 538/712/602 533/702/592 532/705/595
f 432/575/471 428/573/469 430/574/470 436/579/475
f 440/585/479 542/725/606 541/714/604 442/587/481
f 448/593/487 536/710/600 532/705/595 450/595/489
f 464/615/507 465/719/506 527/697/587 469/618/510
f 472/623/515 473/622/514 476/627/519 524/688/578
f 483/632/524 447/594/488 449/596/490 485/634/526
f 413/557/454 549/731/615 544/509/413 380/512/416
f 381/515/415 545/732/414 573/733/616 534/706/596
f 575/550/447 592/563/459 551/723/609 547/722/608
f 594/734/617 574/547/444 546/721/607 553/566/462
f 579/735/618 593/736/619 552/565/461 558/607/501
f 451/598/492 555/737/620 559/738/621 487/636/528
f 534/706/596 573/733/616 572/739/622 531/703/593
f 531/703/593 572/739/622 571/740/623 529/704/594
f 529/704/594 571/740/623 554/741/624 452/597/491
f 582/643/535 601/676/566 570/696/586 561/695/585
f 607/742/625 595/743/626 556/603/497 606/744/627
f 586/745/628 599/655/545 565/691/581 568/673/563
f 517/681/571 570/696/586 569/674/564 515/675/565
f 600/679/569 584/746/629 566/671/561 569/674/564
f 585/747/630 586/745/628 568/673/563 567/672/562
f 584/746/629 585/747/630 567/672/562 566/671/561
f 499/659/549 565/691/581 562/644/536 494/647/539
f 495/652/538 563/748/537 564/692/582 496/653/544
f 597/658/548 598/648/540 563/645/537 562/644/536
f 486/637/529 560/749/631 561/695/585 490/685/575
f 487/636/528 559/738/621 560/749/631 486/637/529
f 596/750/632 579/735/618 558/607/501 557/604/498
f 595/743/626 596/750/632 557/604/498 556/603/497
f 452/597/491 554/741/624 555/737/620 451/598/492
f 593/736/619 594/734/617 553/566/462 552/565/461
f 420/724/610 551/723/609 550/751/633 416/560/456
f 416/560/456 550/751/633 548/752/634 414/556/453
f 414/556/453 548/752/634 549/731/615 413/557/454
f 408/545/442 546/721/607 547/722/608 407/546/443
f 588/730/614 589/753/611 545/510/414 544/509/413
f 378/729/613 379/754/612 589/753/611 588/730/614
f 421/755/635 422/756/636 594/734/617 593/736/619
f 455/757/637 456/758/638 596/750/632 595/743/626
f 456/758/638 459/759/639 579/735/618 596/750/632
f 492/657/547 493/649/541 598/648/540 597/658/548
f 512/760/640 511/761/641 585/747/630 584/746/629
f 511/761/641 513/762/642 586/745/628 585/747/630
f 514/678/568 512/760/640 584/746/629 600/679/569
f 513/762/642 498/656/546 599/655/545 586/745/628
f 488/640/532 489/639/531 453/601/495 454/600/494 528/699/589 530/701/591 535/708/598 379/728/612 378/763/613 412/764/450 411/765/449 418/766/458 419/767/460 409/768/446 410/769/445 422/770/636 421/771/635 459/772/639 456/773/638 455/774/637 595/775/626 607/776/625 605/777/643 609/778/644 583/651/543 497/650/542 493/649/541 492/657/547 498/656/546 513/762/642 511/761/641 512/760/640 514/678/568 516/677/567 491/642/534
f 491/642/534 516/677/567 601/676/566 582/643/535
f 459/759/639 421/755/635 593/736/619 579/735/618
f 422/756/636 410/548/445 574/547/444 594/734/617
f 409/549/446 419/564/460 592/563/459 575/550/447
f 549/731/615 591/554/451 588/730/614 544/509/413
f 545/732/414 589/727/611 587/707/597 573/733/616
f 555/737/620 578/602/496 580/638/530 559/738/621
f 573/733/616 587/707/597 603/700/590 572/739/622
f 572/739/622 603/700/590 602/698/588 571/740/623
f 571/740/623 602/698/588 577/599/493 554/741/624
f 570/696/586 601/676/566 600/679/569 569/674/564
f 565/691/581 599/655/545 597/658/548 562/644/536
f 563/645/537 598/648/540 583/651/543 564/779/582
f 560/749/631 581/641/533 582/643/535 561/695/585
f 559/738/621 580/638/530 581/641/533 560/749/631
f 554/741/624 577/599/493 578/602/496 555/737/620
f 551/723/609 592/563/459 576/561/457 550/751/633
f 550/751/633 576/561/457 590/551/448 548/752/634
f 548/752/634 590/551/448 591/554/451 549/731/615
f 546/721/607 574/547/444 575/550/447 547/722/608
f 609/780/644 605/781/643 604/782/645 608/693/583
f 605/781/643 607/742/625 606/744/627 604/782/645
f 583/783/543 609/780/644 608/693/583 564/692/582
f 463/610/504 604/782/645 606/744/627 460/608/502
f 460/608/502 606/744/627 556/603/497 457/606/500
f 610/694/584 608/693/583 604/782/645 463/610/504
o BezierCurve
v 1.079927 0.508136 -1.950778
v 1.068715 0.507105 -1.880569
v 1.064517 0.500333 -1.811897
v 1.066468 0.488374 -1.743540
v 1.073703 0.471780 -1.674277
v 1.085357 0.451102 -1.602887
v 1.100566 0.426895 -1.528149
v 1.118463 0.399709 -1.448841
v 1.138184 0.370098 -1.363742
v 1.158864 0.338615 -1.271631
v 1.179638 0.305811 -1.171287
v 1.199641 0.272239 -1.061487
v 1.218007 0.238452 -0.941012
l 646 647
l 647 648
l 648 649
l 649 650
l 650 651
l 651 652
l 652 653
l 653 654
l 654 655
l 655 656
l 656 657
l 657 658
o BezierCurve.001
v 0.853609 0.274239 -1.994227
v 0.851064 0.287091 -1.924338
v 0.855857 0.294566 -1.855778
v 0.867220 0.297390 -1.787350
v 0.884391 0.296293 -1.717859
v 0.906603 0.292001 -1.646108
v 0.933091 0.285244 -1.570903
v 0.963092 0.276749 -1.491048
v 0.995839 0.267244 -1.405346
v 1.030568 0.257457 -1.312602
v 1.066514 0.248117 -1.211620
v 1.102912 0.239952 -1.101204
v 1.138997 0.233690 -0.980159
l 659 660
l 660 661
l 661 662
l 662 663
l 663 664
l 664 665
l 665 666
l 666 667
l 667 668
l 668 669
l 669 670
l 670 671
o BezierCurve.002
v 1.374681 0.168078 -2.052017
v 1.336855 0.180931 -1.993194
v 1.306018 0.188405 -1.931773
v 1.280901 0.191230 -1.867115
v 1.260237 0.190132 -1.798581
v 1.242759 0.185841 -1.725534
v 1.227197 0.179083 -1.647334
v 1.212285 0.170588 -1.563342
v 1.196755 0.161083 -1.472921
v 1.179338 0.151297 -1.375431
v 1.158768 0.141957 -1.270235
v 1.133777 0.133792 -1.156692
v 1.103096 0.127529 -1.034166
l 672 673
l 673 674
l 674 675
l 675 676
l 676 677
l 677 678
l 678 679
l 679 680
l 680 681
l 681 682
l 682 683
l 683 684
o BezierCurve.003
v 1.270450 0.237008 1.815773
v 1.251047 0.254892 1.750679
v 1.239091 0.267473 1.684703
v 1.233547 0.275547 1.616940
v 1.233384 0.279912 1.546488
v 1.237569 0.281365 1.472442
v 1.245070 0.280705 1.393897
v 1.254854 0.278727 1.309951
v 1.265889 0.276229 1.219699
v 1.277142 0.274009 1.122236
v 1.287581 0.272865 1.016660
v 1.296174 0.273592 0.902067
v 1.301887 0.276989 0.777551
l 685 686
l 686 687
l 687 688
l 688 689
l 689 690
l 690 691
l 691 692
l 692 693
l 693 694
l 694 695
l 695 696
l 696 697
o BezierCurve.004
v 1.516180 0.173372 1.829716
v 1.478148 0.191256 1.773438
v 1.446954 0.203836 1.714085
v 1.421343 0.211910 1.651105
v 1.400058 0.216275 1.583945
v 1.381843 0.217729 1.512052
v 1.365442 0.217068 1.434873
v 1.349599 0.215090 1.351857
v 1.333057 0.212593 1.262450
v 1.314562 0.210373 1.166099
v 1.292857 0.209228 1.062252
v 1.266685 0.209955 0.950357
v 1.234791 0.213352 0.829860
l 698 699
l 699 700
l 700 701
l 701 702
l 702 703
l 703 704
l 704 705
l 705 706
l 706 707
l 707 708
l 708 709
l 709 710
